inst/extdata/ctd/2018/more/KL2_27Aug2018007downcast.cnv
* Sea-Bird SBE19plus Data File:
* FileName = C:\Users\FWCP_NRP\Documents\Seabird\Data\Kootenay\2018\KL_27Aug2018\KL_27Aug2018007.hex
* Software Version 1.59
* Temperature SN =  4708
* Conductivity SN =  4708
* System UpLoad Time = Aug 28 2018 14:51:32
* ds
* SeacatPlus V 1.4D  SERIAL NO. 4708    28 Aug 2018  13:35:42
# nquan = 11
# nvalues = 2178                                  
# units = specified
# name 0 = depFM: Depth [fresh water, m]
# name 1 = tv290C: Temperature [ITS-90, deg C]
# name 2 = sbeox0Mg/L: Oxygen, SBE 43 [mg/l]
# name 3 = sbeox0PS: Oxygen, SBE 43 [% saturation]
# name 4 = specc: Specific Conductance [uS/cm]
# name 5 = c0uS/cm: Conductivity [uS/cm]
# name 6 = sal00: Salinity, Practical [PSU]
# name 7 = obsscufa: OBS, Turner SCUFA [NTU]
# name 8 = flScufa: Fluorescence, Turner SCUFA [ug/L]
# name 9 = f1: Frequency 1
# name 10 = flag:  0.000e+00
# span 0 =     -0.666,    115.776                 
# span 1 =     4.0304,    17.3649                 
# span 2 =     2.1619,    11.0495                 
# span 3 =     16.525,    101.539                 
# span 4 =      6.993,    222.588                 
# span 5 =   5.650915, 129.327810                 
# span 6 =     0.0095,     0.0998                 
# span 7 =     0.2319,     2.5971                 
# span 8 =     1.0938,     4.6644                 
# span 9 =   2840.027,   2856.887                 
# span 10 = 0.0000e+00, 0.0000e+00                
# interval = seconds: 0.25
# start_time = Aug 27 2018 16:53:11 [Instrument's time stamp, header]
# bad_flag = -9.990e-29
*END*
[from data line 2099]
    115.757     4.0430     9.7640     74.620    203.005 117.921007     0.0907     1.5839     3.0848   2855.336  0.000e+00
    115.755     4.0440     9.8044     74.932    209.080 121.454442     0.0935     1.5717     3.0872   2855.816  0.000e+00
    115.745     4.0453     9.8663     75.409    215.649 125.275818     0.0965     1.5778     3.0860   2856.336  0.000e+00
    115.744     4.0467     9.9299     75.895    200.902 116.714603     0.0897     1.2146     2.7723   2855.172  0.000e+00
    115.730     4.0471     9.9753     76.241    196.994 114.445605     0.0879     1.2177     2.7735   2854.863  0.000e+00
    115.731     4.0467     9.9761     76.245    192.251 111.688673     0.0857     1.2177     2.7710   2854.488  0.000e+00
    115.747     4.0461     9.9237     75.844    193.045 112.148136     0.0861     1.2024     2.7759   2854.551  0.000e+00
    115.759     4.0463     9.7824     74.765    191.907 111.487661     0.0856     0.9491     2.4439   2854.461  0.000e+00
    115.771     4.0465     9.5370     72.890    197.690 114.847688     0.0882     0.9522     2.4414   2854.918  0.000e+00
    115.771     4.0466     9.2117     70.405    199.023 115.623156     0.0889     0.9552     2.4414   2855.023  0.000e+00
    115.766     4.0471     8.8910     67.955    200.207 116.312484     0.0894     0.9583     2.4414   2855.117  0.000e+00
    115.752     4.0472     8.6258     65.927    195.955 113.842495     0.0874     0.9552     2.4475   2854.781  0.000e+00
    115.752     4.0471     8.4398     64.505    195.560 113.612743     0.0873     0.9461     2.4414   2854.750  0.000e+00
    115.744     4.0473     8.3419     63.758    197.981 115.020011     0.0884     0.9491     2.4427   2854.941  0.000e+00
    115.749     4.0480     8.3032     63.462    191.748 111.401513     0.0855     0.9522     2.4414   2854.449  0.000e+00
    115.757     4.0483     8.3061     63.484    191.005 110.970781     0.0852     0.8484     2.0606   2854.391  0.000e+00
    115.763     4.0484     8.3142     63.547    191.152 111.056926     0.0852     0.8392     2.0581   2854.402  0.000e+00
    115.742     4.0486     8.3209     63.598    190.706 110.798490     0.0850     0.8423     2.0594   2854.367  0.000e+00
    115.716     4.0487     8.2942     63.394    191.001 110.970780     0.0852     0.8484     2.0606   2854.391  0.000e+00
    115.715     4.0489     8.2679     63.194    191.099 111.028210     0.0852     0.8423     2.2058   2854.398  0.000e+00
    115.725     4.0486     8.2764     63.258    191.002 110.970780     0.0852     0.8545     2.2095   2854.391  0.000e+00
    115.734     4.0479     8.3469     63.796    190.414 110.626201     0.0849     0.8545     2.2083   2854.344  0.000e+00
    115.734     4.0474     8.4764     64.785    190.862 110.884635     0.0851     0.8423     2.2119   2854.379  0.000e+00
    115.734     4.0466     8.6616     66.198    190.423 110.626202     0.0849     0.8515     2.0569   2854.344  0.000e+00
    115.733     4.0461     8.8524     67.656    190.574 110.712346     0.0850     0.8362     2.0630   2854.355  0.000e+00
    115.720     4.0458     9.0427     69.110    190.724 110.798491     0.0850     0.8484     2.0606   2854.367  0.000e+00
    115.696     4.0457     9.2203     70.467    191.318 111.143073     0.0853     0.8423     2.0606   2854.414  0.000e+00
    115.697     4.0461     9.3795     71.685    196.407 114.100968     0.0877     0.7416     1.8909   2854.816  0.000e+00
    115.708     4.0463     9.5112     72.695    207.481 120.535115     0.0928     0.7263     1.8885   2855.691  0.000e+00
    115.721     4.0467     9.6222     73.542    198.133 115.106174     0.0885     0.7263     1.8860   2854.953  0.000e+00
    115.734     4.0469     9.7204     74.293    199.763 116.053983     0.0892     0.7263     1.8946   2855.082  0.000e+00
    115.734     4.0465     9.8179     75.037    193.191 112.234287     0.0862     0.9033     2.1680   2854.563  0.000e+00
    115.739     4.0449     9.8812     75.517    192.411 111.774822     0.0858     0.8942     2.1704   2854.500  0.000e+00
    115.737     4.0435     9.8610     75.359    191.778 111.401514     0.0855     0.8942     2.1668   2854.449  0.000e+00
    115.733     4.0430     9.7413     74.444    192.325 111.717390     0.0858     0.9003     2.1619   2854.492  0.000e+00
    115.732     4.0435     9.5237     72.781    191.332 111.143074     0.0853     0.7446     2.0154   2854.414  0.000e+00
    115.735     4.0447     9.2674     70.825    191.028 110.970782     0.0852     0.7416     2.0142   2854.391  0.000e+00
    115.742     4.0449     9.0351     69.050    190.731 110.798491     0.0850     0.7385     2.0179   2854.367  0.000e+00
    115.744     4.0440     8.8701     67.787    190.440 110.626203     0.0849     0.7416     2.0191   2854.344  0.000e+00
    115.743     4.0429     8.7844     67.131    190.348 110.568774     0.0849     0.7752     2.0179   2854.336  0.000e+00
    115.748     4.0422     8.7996     67.245    190.303 110.540060     0.0848     0.7843     2.0154   2854.332  0.000e+00
    115.736     4.0422     8.9184     68.153    190.303 110.540059     0.0848     0.7965     2.0166   2854.332  0.000e+00
    115.729     4.0428     9.1170     69.672    190.299 110.540059     0.0848     0.7843     2.0154   2854.332  0.000e+00
    115.727     4.0429     9.3457     71.420    190.299 110.540059     0.0848     0.8423     2.1204   2854.332  0.000e+00
    115.733     4.0429     9.5799     73.209    190.447 110.626203     0.0849     0.8423     2.1289   2854.344  0.000e+00
    115.738     4.0421     9.7909     74.820    190.353 110.568774     0.0849     0.8545     2.1265   2854.336  0.000e+00
    115.746     4.0411     9.9664     76.160    190.459 110.626204     0.0849     0.8423     2.1216   2854.344  0.000e+00
    115.749     4.0405    10.1117     77.268    190.314 110.540060     0.0848     0.9522     2.1729   2854.332  0.000e+00
    115.753     4.0401    10.2250     78.134    190.169 110.453917     0.0848     0.9522     2.1668   2854.320  0.000e+00
    115.757     4.0402    10.3042     78.739    190.019 110.367774     0.0847     0.9491     2.1656   2854.309  0.000e+00
    115.755     4.0410    10.3554     79.132    190.163 110.453917     0.0848     0.9400     2.1656   2854.320  0.000e+00
    115.742     4.0416    10.3757     79.288    190.307 110.540060     0.0848     0.9003     2.1460   2854.332  0.000e+00
    115.712     4.0420    10.3820     79.338    190.354 110.568774     0.0849     0.8881     2.1448   2854.336  0.000e+00
    115.694     4.0420    10.3766     79.297    191.935 111.487662     0.0856     0.9033     2.1460   2854.461  0.000e+00
    115.706     4.0417    10.3705     79.249    190.751 110.798492     0.0850     0.8972     2.1460   2854.367  0.000e+00
    115.729     4.0409    10.3568     79.143    190.164 110.453916     0.0848     0.9033     2.2339   2854.320  0.000e+00
    115.746     4.0401    10.3453     79.053    190.317 110.540060     0.0848     0.8881     2.2290   2854.332  0.000e+00
    115.758     4.0401    10.3314     78.946    190.762 110.798493     0.0851     0.9003     2.2315   2854.367  0.000e+00
    115.769     4.0403    10.3024     78.726    190.760 110.798493     0.0851     0.9003     2.2327   2854.367  0.000e+00
    115.765     4.0408    10.2620     78.418    190.757 110.798493     0.0850     0.8911     2.1241   2854.367  0.000e+00
    115.768     4.0416    10.2146     78.058    190.455 110.626204     0.0849     0.8972     2.1253   2854.344  0.000e+00
    115.752     4.0419    10.1722     77.734    190.453 110.626204     0.0849     0.8972     2.1253   2854.344  0.000e+00
    115.713     4.0418    10.1336     77.439    190.750 110.798492     0.0850     0.9003     2.1265   2854.367  0.000e+00
    115.684     4.0417    10.1162     77.305    190.603 110.712347     0.0850     0.9064     2.1668   2854.355  0.000e+00
    115.699     4.0412    10.1007     77.187    191.348 111.143074     0.0853     0.9003     2.1668   2854.414  0.000e+00
    115.724     4.0416    10.0907     77.111    190.999 110.942068     0.0852     0.9003     2.1680   2854.387  0.000e+00
    115.751     4.0435    10.0992     77.180    192.321 111.717390     0.0858     0.8942     2.1692   2854.492  0.000e+00
    115.767     4.0446    10.1066     77.241    201.954 117.317796     0.0902     0.8942     2.1045   2855.254  0.000e+00
    115.774     4.0460    10.1134     77.296    202.983 117.921006     0.0907     0.9033     2.0984   2855.336  0.000e+00
    115.770     4.0476    10.1027     77.216    194.222 112.837350     0.0867     0.8972     2.1045   2854.645  0.000e+00
    115.761     4.0480    10.0723     76.984    195.059 113.325557     0.0870     0.8972     2.1021   2854.711  0.000e+00
    115.752     4.0483    10.0172     76.564    199.012 115.623155     0.0889     0.8972     2.1888   2855.023  0.000e+00
    115.741     4.0484     9.9367     75.950    200.791 116.657156     0.0897     0.8972     2.1888   2855.164  0.000e+00
    115.736     4.0486     9.8072     74.960    202.669 117.748657     0.0905     0.9003     2.1912   2855.313  0.000e+00
    115.740     4.0489     9.6169     73.507    203.359 118.150803     0.0909     0.9033     2.1875   2855.367  0.000e+00
    115.746     4.0495     9.3699     71.620    202.959 117.921004     0.0907     0.7904     2.0154   2855.336  0.000e+00
    115.759     4.0498     9.0766     69.380    206.121 119.759465     0.0921     0.7874     2.0191   2855.586  0.000e+00
    115.769     4.0501     8.7523     66.901    207.157 120.362745     0.0926     0.7813     2.0179   2855.668  0.000e+00
    115.776     4.0505     8.4298     64.437    207.203 120.391473     0.0926     0.7874     2.0203   2855.672  0.000e+00
