inst/extdata/ctd/2018/more/KL2_27Aug2018007downcast.cnv
* Sea-Bird SBE19plus Data File:
* FileName = C:\Users\FWCP_NRP\Documents\Seabird\Data\Kootenay\2018\KL_27Aug2018\KL_27Aug2018007.hex
* Software Version 1.59
* Temperature SN =  4708
* Conductivity SN =  4708
* System UpLoad Time = Aug 28 2018 14:51:32
* ds
* SeacatPlus V 1.4D  SERIAL NO. 4708    28 Aug 2018  13:35:42
# nquan = 11
# nvalues = 2178                                  
# units = specified
# name 0 = depFM: Depth [fresh water, m]
# name 1 = tv290C: Temperature [ITS-90, deg C]
# name 2 = sbeox0Mg/L: Oxygen, SBE 43 [mg/l]
# name 3 = sbeox0PS: Oxygen, SBE 43 [% saturation]
# name 4 = specc: Specific Conductance [uS/cm]
# name 5 = c0uS/cm: Conductivity [uS/cm]
# name 6 = sal00: Salinity, Practical [PSU]
# name 7 = obsscufa: OBS, Turner SCUFA [NTU]
# name 8 = flScufa: Fluorescence, Turner SCUFA [ug/L]
# name 9 = f1: Frequency 1
# name 10 = flag:  0.000e+00
# span 0 =     -0.666,    115.776                 
# span 1 =     4.0304,    17.3649                 
# span 2 =     2.1619,    11.0495                 
# span 3 =     16.525,    101.539                 
# span 4 =      6.993,    222.588                 
# span 5 =   5.650915, 129.327810                 
# span 6 =     0.0095,     0.0998                 
# span 7 =     0.2319,     2.5971                 
# span 8 =     1.0938,     4.6644                 
# span 9 =   2840.027,   2856.887                 
# span 10 = 0.0000e+00, 0.0000e+00                
# interval = seconds: 0.25
# start_time = Aug 27 2018 16:53:11 [Instrument's time stamp, header]
# bad_flag = -9.990e-29
*END*
[from data line 394]
      0.701    17.3474     9.4620     98.645    122.328 103.615389     0.0600     0.3174     1.3440   2853.391  0.000e+00
      0.635    17.3448     9.4780     98.806    122.335 103.615390     0.0600     0.3204     1.3440   2853.391  0.000e+00
      0.583    17.3431     9.4828     98.853    122.238 103.529279     0.0600     0.3052     1.3489   2853.379  0.000e+00
      0.553    17.3429     9.4801     98.824    122.239 103.529279     0.0600     0.3296     1.3465   2853.379  0.000e+00
      0.547    17.3430     9.4717     98.737    122.239 103.529279     0.0600     0.3204     1.3587   2853.379  0.000e+00
      0.573    17.3429     9.4539     98.551    122.273 103.557983     0.0600     0.3235     1.3587   2853.383  0.000e+00
      0.632    17.3427     9.4455     98.463    122.240 103.529280     0.0600     0.3326     1.3611   2853.379  0.000e+00
      0.705    17.3424     9.4427     98.434    122.342 103.615391     0.0600     0.3174     1.3587   2853.391  0.000e+00
      0.771    17.3424     9.4485     98.494    122.241 103.529281     0.0600     0.3143     1.3513   2853.379  0.000e+00
      0.807    17.3427     9.4538     98.550    122.138 103.443171     0.0599     0.3235     1.3562   2853.367  0.000e+00
      0.803    17.3430     9.4597     98.612    122.340 103.615392     0.0600     0.3174     1.3550   2853.391  0.000e+00
      0.767    17.3430     9.4654     98.672    122.340 103.615391     0.0600     0.3143     1.3562   2853.391  0.000e+00
      0.711    17.3436     9.4713     98.734    122.169 103.471874     0.0600     0.3204     1.3550   2853.371  0.000e+00
      0.657    17.3439     9.4705     98.727    122.236 103.529280     0.0600     0.3296     1.3550   2853.379  0.000e+00
      0.612    17.3437     9.4681     98.701    122.237 103.529279     0.0600     0.3204     1.3550   2853.379  0.000e+00
      0.592    17.3442     9.4589     98.607    122.235 103.529279     0.0600     0.3296     1.3611   2853.379  0.000e+00
      0.594    17.3454     9.4471     98.486    122.232 103.529279     0.0600     0.3296     1.3758   2853.379  0.000e+00
      0.611    17.3454     9.4439     98.452    122.334 103.615389     0.0600     0.3204     1.3794   2853.391  0.000e+00
      0.645    17.3451     9.4415     98.427    122.233 103.529279     0.0600     0.3204     1.3758   2853.379  0.000e+00
      0.683    17.3442     9.4479     98.492    122.269 103.557983     0.0600     0.3265     1.3696   2853.383  0.000e+00
      0.724    17.3439     9.4501     98.514    122.236 103.529280     0.0600     0.3265     1.3587   2853.379  0.000e+00
      0.756    17.3434     9.4616     98.632    122.339 103.615391     0.0600     0.3174     1.3574   2853.391  0.000e+00
      0.765    17.3421     9.4708     98.726    122.343 103.615392     0.0600     0.3113     1.3587   2853.391  0.000e+00
      0.754    17.3415     9.4815     98.837    122.345 103.615392     0.0600     0.3235     1.3587   2853.391  0.000e+00
      0.727    17.3430     9.4865     98.892    122.239 103.529281     0.0600     0.3265     1.3806   2853.379  0.000e+00
      0.694    17.3450     9.4878     98.909    122.131 103.443170     0.0599     0.3204     1.3745   2853.367  0.000e+00
      0.660    17.3475     9.4919     98.957    122.158 103.471872     0.0600     0.3235     1.3721   2853.371  0.000e+00
      0.634    17.3492     9.4909     98.950    122.221 103.529278     0.0600     0.3143     1.3733   2853.379  0.000e+00
      0.616    17.3493     9.4897     98.938    122.322 103.615388     0.0600     0.3235     1.3550   2853.391  0.000e+00
      0.607    17.3499     9.4865     98.906    122.117 103.443167     0.0599     0.3235     1.3550   2853.367  0.000e+00
      0.610    17.3511     9.4816     98.857    122.114 103.443167     0.0599     0.3204     1.3562   2853.367  0.000e+00
      0.635    17.3514     9.4725     98.763    122.215 103.529277     0.0600     0.3174     1.3599   2853.379  0.000e+00
      0.673    17.3510     9.4673     98.707    122.250 103.557981     0.0600     0.3296     1.3562   2853.383  0.000e+00
      0.724    17.3511     9.4623     98.656    122.317 103.615388     0.0600     0.3235     1.3587   2853.391  0.000e+00
      0.770    17.3518     9.4601     98.634    122.417 103.701499     0.0601     0.3204     1.3587   2853.402  0.000e+00
      0.792    17.3544     9.4553     98.589    122.206 103.529277     0.0600     0.3235     1.3538   2853.379  0.000e+00
      0.777    17.3564     9.4508     98.547    122.302 103.615387     0.0600     0.3174     1.3538   2853.391  0.000e+00
      0.728    17.3574     9.4500     98.541    122.299 103.615386     0.0600     0.3174     1.3587   2853.391  0.000e+00
      0.658    17.3582     9.4484     98.525    122.297 103.615385     0.0600     0.3174     1.3599   2853.391  0.000e+00
      0.583    17.3580     9.4471     98.511    122.229 103.557978     0.0600     0.3174     1.3562   2853.383  0.000e+00
      0.524    17.3573     9.4418     98.454    122.299 103.615384     0.0600     0.3143     1.3758   2853.391  0.000e+00
      0.514    17.3560     9.4432     98.467    122.303 103.615385     0.0600     0.3143     1.3782   2853.391  0.000e+00
      0.564    17.3555     9.4485     98.521    122.203 103.529275     0.0600     0.3235     1.3770   2853.379  0.000e+00
      0.656    17.3547     9.4550     98.587    122.306 103.615386     0.0600     0.3113     1.3770   2853.391  0.000e+00
      0.747    17.3544     9.4613     98.652    122.206 103.529277     0.0600     0.3174     1.3806   2853.379  0.000e+00
      0.797    17.3539     9.4667     98.707    122.207 103.529278     0.0600     0.3235     1.3745   2853.379  0.000e+00
      0.798    17.3529     9.4677     98.716    122.244 103.557981     0.0600     0.3235     1.3758   2853.383  0.000e+00
      0.750    17.3522     9.4664     98.701    122.212 103.529278     0.0600     0.3235     1.3782   2853.379  0.000e+00
      0.678    17.3516     9.4689     98.726    122.214 103.529277     0.0600     0.3204     1.3574   2853.379  0.000e+00
      0.593    17.3523     9.4754     98.795    122.313 103.615387     0.0600     0.3265     1.3574   2853.391  0.000e+00
      0.537    17.3520     9.4805     98.847    122.315 103.615386     0.0600     0.3174     1.3599   2853.391  0.000e+00
      0.538    17.3521     9.4836     98.880    122.212 103.529276     0.0600     0.3204     1.3562   2853.379  0.000e+00
      0.578    17.3523     9.4778     98.820    122.212 103.529276     0.0600     0.3265     1.3770   2853.379  0.000e+00
      0.648    17.3533     9.4709     98.750    122.412 103.701498     0.0601     0.3174     1.3806   2853.402  0.000e+00
      0.711    17.3557     9.4571     98.611    122.304 103.615387     0.0600     0.3204     1.3770   2853.391  0.000e+00
      0.759    17.3574     9.4523     98.564    122.299 103.615387     0.0600     0.3204     1.3770   2853.391  0.000e+00
      0.780    17.3586     9.4528     98.572    122.194 103.529276     0.0600     0.3082     1.3782   2853.379  0.000e+00
      0.770    17.3589     9.4535     98.580    122.294 103.615386     0.0600     0.3204     1.3782   2853.391  0.000e+00
      0.732    17.3595     9.4554     98.601    122.293 103.615386     0.0600     0.3235     1.3758   2853.391  0.000e+00
      0.680    17.3599     9.4535     98.582    122.190 103.529274     0.0600     0.3204     1.3770   2853.379  0.000e+00
      0.627    17.3598     9.4527     98.574    122.224 103.557977     0.0600     0.3174     1.3794   2853.383  0.000e+00
      0.590    17.3590     9.4595     98.642    122.294 103.615384     0.0600     0.3204     1.3794   2853.391  0.000e+00
      0.573    17.3590     9.4695     98.747    122.193 103.529274     0.0600     0.3326     1.3794   2853.379  0.000e+00
      0.582    17.3589     9.4741     98.795    122.295 103.615384     0.0600     0.3174     1.3794   2853.391  0.000e+00
      0.611    17.3590     9.4804     98.861    122.193 103.529274     0.0600     0.3143     1.3599   2853.379  0.000e+00
      0.655    17.3586     9.4788     98.843    122.295 103.615385     0.0600     0.3235     1.3574   2853.391  0.000e+00
      0.710    17.3580     9.4853     98.910    122.297 103.615386     0.0600     0.3265     1.3587   2853.391  0.000e+00
      0.760    17.3578     9.4871     98.928    122.128 103.471869     0.0599     0.3082     1.3538   2853.371  0.000e+00
      0.785    17.3577     9.4843     98.898    122.399 103.701497     0.0601     0.3052     1.3745   2853.402  0.000e+00
      0.767    17.3575     9.4821     98.875    122.197 103.529276     0.0600     0.3265     1.3782   2853.379  0.000e+00
      0.708    17.3574     9.4789     98.842    122.400 103.701497     0.0601     0.3204     1.3794   2853.402  0.000e+00
      0.626    17.3573     9.4773     98.825    122.299 103.615385     0.0600     0.3204     1.3806   2853.391  0.000e+00
      0.552    17.3566     9.4665     98.711    122.301 103.615385     0.0600     0.3174     1.3965   2853.391  0.000e+00
      0.516    17.3565     9.4649     98.694    122.302 103.615384     0.0600     0.3174     1.4026   2853.391  0.000e+00
      0.539    17.3566     9.4590     98.632    122.199 103.529274     0.0600     0.3235     1.3965   2853.379  0.000e+00
      0.619    17.3561     9.4559     98.599    122.201 103.529275     0.0600     0.3235     1.3989   2853.379  0.000e+00
      0.706    17.3560     9.4605     98.647    122.303 103.615386     0.0600     0.3235     1.3587   2853.391  0.000e+00
      0.769    17.3547     9.4618     98.658    122.205 103.529277     0.0600     0.3235     1.3587   2853.379  0.000e+00
      0.791    17.3536     9.4601     98.638    122.310 103.615388     0.0600     0.3174     1.3574   2853.391  0.000e+00
      0.755    17.3530     9.4575     98.609    122.210 103.529278     0.0600     0.3204     1.3550   2853.379  0.000e+00
      0.673    17.3536     9.4651     98.690    122.242 103.557980     0.0600     0.3113     1.3550   2853.383  0.000e+00
      0.578    17.3543     9.4689     98.731    122.206 103.529275     0.0600     0.3143     1.3562   2853.379  0.000e+00
      0.513    17.3539     9.4863     98.911    122.207 103.529275     0.0600     0.3174     1.3550   2853.379  0.000e+00
      0.513    17.3537     9.4803     98.849    122.208 103.529275     0.0600     0.3265     1.3550   2853.379  0.000e+00
      0.582    17.3540     9.4748     98.792    122.105 103.443165     0.0599     0.3235     1.3574   2853.367  0.000e+00
      0.674    17.3544     9.4656     98.697    122.307 103.615387     0.0600     0.3204     1.3562   2853.391  0.000e+00
      0.742    17.3548     9.4551     98.589    122.306 103.615387     0.0600     0.3296     1.3550   2853.391  0.000e+00
      0.775    17.3552     9.4449     98.482    122.237 103.557980     0.0600     0.3204     1.3587   2853.383  0.000e+00
      0.768    17.3553     9.4361     98.391    122.406 103.701498     0.0601     0.3296     1.3526   2853.402  0.000e+00
      0.711    17.3550     9.4369     98.399    122.306 103.615387     0.0600     0.3296     1.3538   2853.391  0.000e+00
      0.616    17.3545     9.4388     98.418    122.409 103.701497     0.0601     0.3235     1.3599   2853.402  0.000e+00
      0.534    17.3542     9.4517     98.552    122.206 103.529275     0.0600     0.3052     1.3550   2853.379  0.000e+00
      0.484    17.3544     9.4583     98.621    122.307 103.615385     0.0600     0.3174     1.3770   2853.391  0.000e+00
      0.494    17.3542     9.4639     98.678    122.206 103.529275     0.0600     0.3204     1.3770   2853.379  0.000e+00
      0.567    17.3541     9.4607     98.645    122.139 103.471869     0.0599     0.3235     1.3770   2853.371  0.000e+00
      0.671    17.3544     9.4581     98.619    122.206 103.529276     0.0600     0.3143     1.3758   2853.379  0.000e+00
      0.770    17.3546     9.4542     98.579    122.205 103.529277     0.0600     0.3235     1.3538   2853.379  0.000e+00
      0.833    17.3541     9.4452     98.483    122.207 103.529278     0.0600     0.3235     1.3587   2853.379  0.000e+00
      0.830    17.3547     9.4467     98.500    122.307 103.615388     0.0600     0.3143     1.3587   2853.391  0.000e+00
      0.773    17.3544     9.4526     98.561    122.307 103.615388     0.0600     0.3204     1.3587   2853.391  0.000e+00
      0.678    17.3537     9.4656     98.695    122.208 103.529277     0.0600     0.3174     1.3562   2853.379  0.000e+00
      0.574    17.3529     9.4751     98.793    122.142 103.471869     0.0599     0.3235     1.3574   2853.371  0.000e+00
      0.501    17.3524     9.4952     99.001    122.313 103.615386     0.0600     0.3235     1.3550   2853.391  0.000e+00
      0.492    17.3523     9.5037     99.090    122.212 103.529275     0.0600     0.3204     1.3513   2853.379  0.000e+00
      0.549    17.3526     9.5079     99.134    122.313 103.615386     0.0600     0.3204     1.3550   2853.391  0.000e+00
      0.646    17.3524     9.4993     99.044    122.212 103.529277     0.0600     0.3265     1.3574   2853.379  0.000e+00
      0.752    17.3513     9.4834     98.876    122.316 103.615389     0.0600     0.3265     1.3574   2853.391  0.000e+00
      0.835    17.3513     9.4726     98.763    122.215 103.529279     0.0600     0.3235     1.3526   2853.379  0.000e+00
      0.884    17.3523     9.4588     98.621    122.313 103.615389     0.0600     0.3265     1.3526   2853.391  0.000e+00
      0.878    17.3533     9.4440     98.469    122.209 103.529279     0.0600     0.3174     1.3587   2853.379  0.000e+00
      0.813    17.3529     9.4376     98.402    122.210 103.529278     0.0600     0.3113     1.3574   2853.379  0.000e+00
      0.709    17.3525     9.4419     98.446    122.415 103.701499     0.0601     0.3204     1.3550   2853.402  0.000e+00
      0.596    17.3523     9.4549     98.581    122.313 103.615387     0.0600     0.3174     1.3782   2853.391  0.000e+00
      0.513    17.3531     9.4731     98.772    122.311 103.615386     0.0600     0.3143     1.3770   2853.391  0.000e+00
      0.490    17.3538     9.4729     98.772    122.309 103.615385     0.0600     0.3174     1.3758   2853.391  0.000e+00
      0.537    17.3544     9.4723     98.767    122.308 103.615385     0.0600     0.3235     1.3819   2853.391  0.000e+00
      0.624    17.3551     9.4690     98.734    122.305 103.615386     0.0600     0.3265     1.3953   2853.391  0.000e+00
      0.728    17.3554     9.4640     98.682    122.305 103.615387     0.0600     0.3113     1.3941   2853.391  0.000e+00
      0.811    17.3549     9.4566     98.605    122.306 103.615388     0.0600     0.3021     1.3965   2853.391  0.000e+00
      0.844    17.3541     9.4506     98.540    122.207 103.529278     0.0600     0.3204     1.3989   2853.379  0.000e+00
      0.825    17.3541     9.4501     98.534    122.308 103.615388     0.0600     0.3174     1.3599   2853.391  0.000e+00
      0.763    17.3538     9.4562     98.598    122.241 103.557981     0.0600     0.3296     1.3550   2853.383  0.000e+00
      0.672    17.3527     9.4675     98.713    122.211 103.529277     0.0600     0.3265     1.3538   2853.379  0.000e+00
      0.580    17.3523     9.4758     98.799    122.313 103.615387     0.0600     0.3235     1.3574   2853.391  0.000e+00
      0.516    17.3511     9.4866     98.908    122.215 103.529276     0.0600     0.3174     1.3587   2853.379  0.000e+00
      0.494    17.3497     9.4852     98.892    122.118 103.443166     0.0599     0.3204     1.3550   2853.367  0.000e+00
      0.523    17.3494     9.4634     98.664    122.322 103.615387     0.0600     0.3265     1.3599   2853.391  0.000e+00
      0.591    17.3495     9.4358     98.376    122.322 103.615388     0.0600     0.3265     1.3562   2853.391  0.000e+00
      0.679    17.3497     9.4194     98.206    122.321 103.615388     0.0600     0.3204     1.3989   2853.391  0.000e+00
      0.758    17.3513     9.4089     98.100    122.215 103.529278     0.0600     0.3204     1.3977   2853.379  0.000e+00
