inst/extdata/ctd/2018/more/KL2_27Aug2018007downcast.cnv
* Sea-Bird SBE19plus Data File:
* FileName = C:\Users\FWCP_NRP\Documents\Seabird\Data\Kootenay\2018\KL_27Aug2018\KL_27Aug2018007.hex
* Software Version 1.59
* Temperature SN =  4708
* Conductivity SN =  4708
* System UpLoad Time = Aug 28 2018 14:51:32
* ds
* SeacatPlus V 1.4D  SERIAL NO. 4708    28 Aug 2018  13:35:42
# nquan = 11
# nvalues = 2178                                  
# units = specified
# name 0 = depFM: Depth [fresh water, m]
# name 1 = tv290C: Temperature [ITS-90, deg C]
# name 2 = sbeox0Mg/L: Oxygen, SBE 43 [mg/l]
# name 3 = sbeox0PS: Oxygen, SBE 43 [% saturation]
# name 4 = specc: Specific Conductance [uS/cm]
# name 5 = c0uS/cm: Conductivity [uS/cm]
# name 6 = sal00: Salinity, Practical [PSU]
# name 7 = obsscufa: OBS, Turner SCUFA [NTU]
# name 8 = flScufa: Fluorescence, Turner SCUFA [ug/L]
# name 9 = f1: Frequency 1
# name 10 = flag:  0.000e+00
# span 0 =     -0.666,    115.776                 
# span 1 =     4.0304,    17.3649                 
# span 2 =     2.1619,    11.0495                 
# span 3 =     16.525,    101.539                 
# span 4 =      6.993,    222.588                 
# span 5 =   5.650915, 129.327810                 
# span 6 =     0.0095,     0.0998                 
# span 7 =     0.2319,     2.5971                 
# span 8 =     1.0938,     4.6644                 
# span 9 =   2840.027,   2856.887                 
# span 10 = 0.0000e+00, 0.0000e+00                
# interval = seconds: 0.25
# start_time = Aug 27 2018 16:53:11 [Instrument's time stamp, header]
# bad_flag = -9.990e-29
*END*
[from data line 656]
      4.657    17.2700     9.4449     98.309    122.042 103.184905     0.0599     0.3174     1.3745   2853.332  0.000e+00
      4.846    17.2685     9.4608     98.471    122.047 103.184907     0.0599     0.3204     1.3770   2853.332  0.000e+00
      4.999    17.2610     9.4691     98.542    121.967 103.098802     0.0598     0.3174     1.3794   2853.320  0.000e+00
      5.113    17.2524     9.4799     98.637    121.890 103.012698     0.0598     0.3143     1.3758   2853.309  0.000e+00
      5.194    17.2453     9.4920     98.748    121.910 103.012701     0.0598     0.3082     1.3782   2853.309  0.000e+00
      5.237    17.2397     9.4972     98.791    121.926 103.012704     0.0598     0.3174     1.3758   2853.309  0.000e+00
      5.272    17.2373     9.4934     98.746    122.035 103.098813     0.0599     0.3204     1.3745   2853.320  0.000e+00
      5.308    17.2375     9.4854     98.664    122.034 103.098813     0.0599     0.3235     1.3758   2853.320  0.000e+00
      5.357    17.2372     9.4801     98.608    122.036 103.098814     0.0599     0.3174     1.3770   2853.320  0.000e+00
      5.425    17.2379     9.4773     98.580    122.033 103.098814     0.0599     0.3174     1.3758   2853.320  0.000e+00
      5.511    17.2378     9.4740     98.545    122.034 103.098815     0.0599     0.3174     1.3758   2853.320  0.000e+00
      5.615    17.2374     9.4733     98.537    121.933 103.012708     0.0598     0.3235     1.3794   2853.309  0.000e+00
      5.740    17.2333     9.4736     98.532    121.945 103.012711     0.0598     0.3265     1.3782   2853.309  0.000e+00
      5.886    17.2281     9.4689     98.472    121.960 103.012714     0.0598     0.3235     1.3770   2853.309  0.000e+00
      6.048    17.2227     9.4591     98.360    121.975 103.012717     0.0598     0.3082     1.3709   2853.309  0.000e+00
      6.210    17.2132     9.4520     98.267    121.901 102.926614     0.0598     0.3204     1.3782   2853.297  0.000e+00
      6.343    17.1951     9.4576     98.288    121.851 102.840513     0.0598     0.3235     1.3770   2853.285  0.000e+00
      6.429    17.1801     9.4635     98.318    121.759 102.725709     0.0597     0.3265     1.3806   2853.270  0.000e+00
      6.466    17.1709     9.4622     98.286    121.921 102.840523     0.0598     0.3204     1.3977   2853.285  0.000e+00
      6.467    17.1672     9.4555     98.208    121.932 102.840524     0.0598     0.3265     1.4014   2853.285  0.000e+00
      6.466    17.1704     9.4497     98.155    122.025 102.926631     0.0598     0.3204     1.3989   2853.297  0.000e+00
      6.494    17.1763     9.4388     98.054    122.008 102.926629     0.0598     0.3204     1.4014   2853.297  0.000e+00
      6.573    17.1806     9.4254     97.924    121.893 102.840520     0.0598     0.3204     1.3745   2853.285  0.000e+00
      6.698    17.1826     9.4198     97.870    121.921 102.869223     0.0598     0.3235     1.3770   2853.289  0.000e+00
      6.860    17.1813     9.4206     97.875    121.789 102.754416     0.0597     0.3174     1.3758   2853.273  0.000e+00
      7.036    17.1788     9.4291     97.959    121.796 102.754418     0.0597     0.3235     1.3782   2853.273  0.000e+00
      7.192    17.1721     9.4356     98.012    121.918 102.840529     0.0598     0.3113     1.4185   2853.285  0.000e+00
      7.307    17.1618     9.4553     98.195    121.845 102.754426     0.0598     0.3204     1.4221   2853.273  0.000e+00
      7.384    17.1552     9.4667     98.301    121.865 102.754429     0.0598     0.3113     1.4234   2853.273  0.000e+00
      7.419    17.1516     9.4711     98.338    121.875 102.754431     0.0598     0.3143     1.4160   2853.273  0.000e+00
      7.440    17.1498     9.4709     98.333    121.744 102.639622     0.0597     0.3235     1.3977   2853.258  0.000e+00
      7.468    17.1495     9.4640     98.261    121.881 102.754432     0.0598     0.3265     1.3977   2853.273  0.000e+00
      7.518    17.1497     9.4433     98.046    121.880 102.754433     0.0598     0.3174     1.4026   2853.273  0.000e+00
      7.591    17.1504     9.4249     97.857    121.878 102.754433     0.0598     0.3174     1.3953   2853.273  0.000e+00
      7.695    17.1512     9.4140     97.745    121.876 102.754434     0.0598     0.3113     1.3989   2853.273  0.000e+00
      7.816    17.1508     9.4124     97.728    121.877 102.754435     0.0598     0.3265     1.3989   2853.273  0.000e+00
      7.945    17.1487     9.4173     97.774    121.781 102.668330     0.0597     0.3204     1.4002   2853.262  0.000e+00
      8.078    17.1454     9.4284     97.883    121.927 102.783142     0.0598     0.3082     1.4002   2853.277  0.000e+00
      8.195    17.1429     9.4398     97.996    121.900 102.754441     0.0598     0.3174     1.4392   2853.273  0.000e+00
      8.284    17.1403     9.4522     98.119    122.010 102.840550     0.0598     0.3235     1.4441   2853.285  0.000e+00
      8.337    17.1395     9.4575     98.173    121.910 102.754444     0.0598     0.3235     1.4392   2853.273  0.000e+00
      8.370    17.1380     9.4555     98.149    121.812 102.668338     0.0597     0.3174     1.4392   2853.262  0.000e+00
      8.410    17.1365     9.4520     98.110    121.919 102.754446     0.0598     0.3204     1.3953   2853.273  0.000e+00
      8.476    17.1351     9.4528     98.115    121.718 102.582233     0.0597     0.3265     1.3977   2853.250  0.000e+00
      8.573    17.1333     9.4509     98.092    121.689 102.553532     0.0597     0.3082     1.3989   2853.246  0.000e+00
      8.682    17.1191     9.4465     98.017    121.185 102.094309     0.0594     0.3265     1.3989   2853.184  0.000e+00
      8.790    17.0637     9.4471     97.910    120.526 101.405504     0.0591     0.3174     1.3989   2853.090  0.000e+00
      8.892    16.9871     9.4349     97.628    120.336 101.061126     0.0590     0.3296     1.3977   2853.043  0.000e+00
      8.983    16.9124     9.4208     97.330    120.345 100.888951     0.0590     0.3143     1.3989   2853.020  0.000e+00
      9.066    16.8566     9.3935     96.934    120.026 100.487176     0.0588     0.3235     1.3977   2852.965  0.000e+00
      9.148    16.8039     9.3833     96.722    119.765 100.142805     0.0587     0.3265     1.4197   2852.918  0.000e+00
      9.248    16.7472     9.3838     96.612    119.447  99.741044     0.0585     0.3174     1.4234   2852.863  0.000e+00
      9.362    16.6807     9.3954     96.597    118.811  99.052319     0.0582     0.3235     1.4209   2852.770  0.000e+00
      9.483    16.5897     9.4119     96.582    118.657  98.707983     0.0581     0.3174     1.4185   2852.723  0.000e+00
      9.597    16.5011     9.4283     96.569    118.600  98.449742     0.0581     0.3204     1.4185   2852.688  0.000e+00
      9.689    16.4387     9.4430     96.594    118.778  98.449763     0.0581     0.3265     1.4209   2852.688  0.000e+00
      9.753    16.4038     9.4600     96.696    118.567  98.191507     0.0580     0.3204     1.4185   2852.652  0.000e+00
      9.796    16.3854     9.4774     96.837    118.723  98.277602     0.0581     0.3235     1.4221   2852.664  0.000e+00
      9.838    16.3683     9.4885     96.915    118.634  98.162823     0.0580     0.3235     1.4417   2852.648  0.000e+00
      9.895    16.3558     9.4972     96.978    118.600  98.105435     0.0580     0.3204     1.4405   2852.641  0.000e+00
      9.988    16.3505     9.5060     97.057    118.511  98.019350     0.0580     0.3174     1.4417   2852.629  0.000e+00
     10.118    16.3415     9.5200     97.182    118.121  97.675005     0.0578     0.3143     1.4392   2852.582  0.000e+00
     10.265    16.3195     9.5344     97.283    117.593  97.187195     0.0576     0.3174     1.4392   2852.516  0.000e+00
     10.406    16.2926     9.5493     97.380    117.670  97.187205     0.0576     0.3265     1.4417   2852.516  0.000e+00
     10.517    16.2724     9.5566     97.413    117.727  97.187212     0.0576     0.3235     1.4429   2852.516  0.000e+00
     10.606    16.2621     9.5670     97.498    117.653  97.101132     0.0576     0.3204     1.4368   2852.504  0.000e+00
     10.682    16.2564     9.5721     97.538    117.669  97.101134     0.0576     0.3082     1.4380   2852.504  0.000e+00
     10.758    16.2529     9.5742     97.553    117.574  97.015052     0.0575     0.3235     1.4417   2852.492  0.000e+00
     10.832    16.2501     9.5757     97.562    117.687  97.101138     0.0576     0.3235     1.4417   2852.504  0.000e+00
     10.914    16.2479     9.5755     97.555    117.589  97.015055     0.0575     0.3174     1.4417   2852.492  0.000e+00
     10.992    16.2448     9.5694     97.487    117.702  97.101141     0.0576     0.3143     1.4429   2852.504  0.000e+00
     11.065    16.2417     9.5660     97.446    117.502  96.928975     0.0575     0.3265     1.4417   2852.480  0.000e+00
     11.135    16.2372     9.5672     97.449    117.515  96.928977     0.0575     0.3204     1.4405   2852.480  0.000e+00
     11.201    16.2322     9.5703     97.470    117.529  96.928979     0.0575     0.3052     1.4392   2852.480  0.000e+00
     11.280    16.2273     9.5707     97.464    117.439  96.842898     0.0575     0.3235     1.4380   2852.469  0.000e+00
     11.382    16.2217     9.5687     97.432    117.455  96.842900     0.0575     0.3174     1.4356   2852.469  0.000e+00
     11.515    16.2123     9.5618     97.342    117.168  96.584657     0.0573     0.3235     1.4441   2852.434  0.000e+00
     11.680    16.1922     9.5639     97.322    117.017  96.412501     0.0573     0.3265     1.4417   2852.410  0.000e+00
     11.842    16.1694     9.5658     97.295    116.872  96.240347     0.0572     0.3174     1.4588   2852.387  0.000e+00
     11.972    16.1105     9.5690     97.205    114.842  94.432750     0.0562     0.3204     1.4624   2852.141  0.000e+00
     12.057    15.9178     9.5871     96.992    114.401  93.629474     0.0560     0.3204     1.4624   2852.031  0.000e+00
     12.096    15.7186     9.5745     96.454    114.538  93.285258     0.0560     0.3174     1.4600   2851.984  0.000e+00
     12.108    15.5931     9.5523     95.973    114.716  93.141848     0.0560     0.2655     1.5039   2851.965  0.000e+00
     12.113    15.5077     9.5392     95.667    114.533  92.797605     0.0559     0.2716     1.5051   2851.918  0.000e+00
     12.148    15.4526     9.5257     95.419    115.292  93.285339     0.0562     0.2533     1.5039   2851.984  0.000e+00
     12.230    15.4444     9.4912     95.057    115.244  93.227963     0.0562     0.2716     1.5039   2851.977  0.000e+00
     12.359    15.4392     9.4763     94.896    113.166  91.535353     0.0553     0.2655     1.5259   2851.746  0.000e+00
     12.518    15.3098     9.5109     94.978    112.569  90.760853     0.0549     0.2686     1.5271   2851.641  0.000e+00
     12.681    15.1225     9.5434     94.920    112.487  90.273251     0.0548     0.2655     1.5247   2851.574  0.000e+00
     12.832    14.9036     9.5710     94.746    112.457  89.756984     0.0548     0.2625     1.5296   2851.504  0.000e+00
     12.949    14.6454     9.5953     94.457    112.973  89.584952     0.0549     0.2777     1.4820   2851.480  0.000e+00
     13.036    14.4338     9.5914     93.985    113.688  89.671068     0.0552     0.2747     1.4820   2851.492  0.000e+00
     13.098    14.3152     9.5738     93.570    113.922  89.585049     0.0552     0.2686     1.4795   2851.480  0.000e+00
     13.149    14.2485     9.5596     93.295    114.079  89.556384     0.0553     0.2594     1.4844   2851.477  0.000e+00
     13.202    14.2221     9.5451     93.100    114.192  89.585077     0.0553     0.2686     1.4612   2851.480  0.000e+00
     13.260    14.2187     9.5423     93.065    114.202  89.585079     0.0553     0.2716     1.4636   2851.480  0.000e+00
     13.327    14.2152     9.5546     93.178    114.322  89.671134     0.0554     0.2716     1.4624   2851.492  0.000e+00
     13.403    14.2077     9.5719     93.332    114.344  89.671137     0.0554     0.2777     1.4612   2851.492  0.000e+00
     13.488    14.1870     9.5857     93.424    114.185  89.499036     0.0553     0.3265     1.4612   2851.469  0.000e+00
     13.591    14.1570     9.6057     93.557    114.272  89.499046     0.0553     0.3052     1.4624   2851.469  0.000e+00
     13.722    14.1202     9.6210     93.631    114.453  89.556427     0.0554     0.3204     1.4624   2851.477  0.000e+00
     13.870    14.0773     9.6342     93.672    114.505  89.499071     0.0554     0.3143     1.4624   2851.469  0.000e+00
     14.009    14.0409     9.6382     93.636    114.612  89.499083     0.0554     0.3235     1.4429   2851.469  0.000e+00
     14.126    14.0094     9.6338     93.528    114.815  89.585147     0.0555     0.3113     1.4405   2851.480  0.000e+00
     14.218    13.9599     9.6277     93.367    114.961  89.585162     0.0556     0.3235     1.4405   2851.480  0.000e+00
     14.280    13.9030     9.6188     93.164    115.240  89.671233     0.0557     0.3204     1.4405   2851.492  0.000e+00
     14.325    13.8595     9.6099     92.989    115.148  89.499138     0.0556     0.2808     1.4844   2851.469  0.000e+00
     14.365    13.8012     9.6012     92.786    115.320  89.499156     0.0557     0.2716     1.4844   2851.469  0.000e+00
     14.425    13.7366     9.5844     92.492    115.587  89.556544     0.0558     0.2716     1.4832   2851.477  0.000e+00
     14.514    13.6799     9.5657     92.196    115.905  89.671300     0.0559     0.2625     1.4820   2851.492  0.000e+00
     14.625    13.5314     9.5622     91.861    117.766  90.761396     0.0567     0.2747     1.4661   2851.641  0.000e+00
     14.749    13.1100     9.5954     91.321    120.310  91.708192     0.0577     0.2655     1.4636   2851.770  0.000e+00
     14.876    12.6549     9.5788     90.239    123.098  92.712422     0.0588     0.2747     1.4600   2851.906  0.000e+00
     14.986    12.2902     9.5282     89.027    124.879  93.142873     0.0595     0.2625     1.4575   2851.965  0.000e+00
     15.083    12.0203     9.4599     87.850    125.906  93.229025     0.0598     0.2716     1.2805   2851.977  0.000e+00
     15.171    11.8375     9.3904     86.843    127.115  93.659434     0.0603     0.2716     1.2805   2852.035  0.000e+00
     15.260    11.6918     9.3330     86.025    128.402  94.233296     0.0609     0.2625     1.2793   2852.113  0.000e+00
     15.351    11.5068     9.3035     85.391    129.407  94.491576     0.0612     0.2777     1.2805   2852.148  0.000e+00
     15.444    11.3025     9.2827     84.801    130.451  94.721174     0.0616     0.2808     1.2183   2852.180  0.000e+00
     15.533    11.1210     9.2920     84.532    131.702  95.151614     0.0621     0.2716     1.2195   2852.238  0.000e+00
     15.615    10.9389     9.3182     84.414    132.610  95.323828     0.0625     0.2808     1.2171   2852.262  0.000e+00
     15.696    10.7883     9.3402     84.318    133.168  95.323875     0.0627     0.2686     1.2171   2852.262  0.000e+00
     15.781    10.6465     9.3674     84.285    134.060  95.582157     0.0630     0.2686     1.1743   2852.297  0.000e+00
     15.866    10.5363     9.3886     84.259    134.597  95.668271     0.0632     0.2686     1.1743   2852.309  0.000e+00
     15.952    10.4418     9.4181     84.337    135.077  95.754382     0.0634     0.2747     1.1768   2852.320  0.000e+00
     16.052    10.3608     9.4462     84.429    135.265  95.668328     0.0634     0.2594     1.1792   2852.309  0.000e+00
     16.155    10.2957     9.4722     84.533    135.636  95.754429     0.0636     0.2777     1.1560   2852.320  0.000e+00
     16.271    10.2416     9.4960     84.637    135.845  95.754447     0.0637     0.2747     1.1572   2852.320  0.000e+00
     16.387    10.2002     9.5179     84.750    136.005  95.754461     0.0637     0.2747     1.1572   2852.320  0.000e+00
     16.495    10.1675     9.5353     84.840    136.294  95.869246     0.0638     0.2747     1.1548   2852.336  0.000e+00
