inst/extdata/ctd/2018/more/KL2_27Aug2018007downcast.cnv
* Sea-Bird SBE19plus Data File:
* FileName = C:\Users\FWCP_NRP\Documents\Seabird\Data\Kootenay\2018\KL_27Aug2018\KL_27Aug2018007.hex
* Software Version 1.59
* Temperature SN =  4708
* Conductivity SN =  4708
* System UpLoad Time = Aug 28 2018 14:51:32
* ds
* SeacatPlus V 1.4D  SERIAL NO. 4708    28 Aug 2018  13:35:42
# nquan = 11
# nvalues = 2178                                  
# units = specified
# name 0 = depFM: Depth [fresh water, m]
# name 1 = tv290C: Temperature [ITS-90, deg C]
# name 2 = sbeox0Mg/L: Oxygen, SBE 43 [mg/l]
# name 3 = sbeox0PS: Oxygen, SBE 43 [% saturation]
# name 4 = specc: Specific Conductance [uS/cm]
# name 5 = c0uS/cm: Conductivity [uS/cm]
# name 6 = sal00: Salinity, Practical [PSU]
# name 7 = obsscufa: OBS, Turner SCUFA [NTU]
# name 8 = flScufa: Fluorescence, Turner SCUFA [ug/L]
# name 9 = f1: Frequency 1
# name 10 = flag:  0.000e+00
# span 0 =     -0.666,    115.776                 
# span 1 =     4.0304,    17.3649                 
# span 2 =     2.1619,    11.0495                 
# span 3 =     16.525,    101.539                 
# span 4 =      6.993,    222.588                 
# span 5 =   5.650915, 129.327810                 
# span 6 =     0.0095,     0.0998                 
# span 7 =     0.2319,     2.5971                 
# span 8 =     1.0938,     4.6644                 
# span 9 =   2840.027,   2856.887                 
# span 10 = 0.0000e+00, 0.0000e+00                
# interval = seconds: 0.25
# start_time = Aug 27 2018 16:53:11 [Instrument's time stamp, header]
# bad_flag = -9.990e-29
*END*
[from data line 1181]
     51.043     4.3763    10.9053     84.065    172.599 101.410087     0.0771     0.2716     1.2390   2853.090  0.000e+00
     51.185     4.3716    10.9068     84.066    172.773 101.496196     0.0771     0.2747     1.2390   2853.102  0.000e+00
     51.314     4.3650    10.9114     84.088    173.105 101.668412     0.0773     0.2777     1.2390   2853.125  0.000e+00
     51.412     4.3582    10.9229     84.161    172.999 101.582308     0.0772     0.2686     1.2390   2853.113  0.000e+00
     51.489     4.3524    10.9277     84.186    173.033 101.582311     0.0772     0.2686     1.2366   2853.113  0.000e+00
     51.544     4.3491    10.9341     84.227    173.052 101.582313     0.0772     0.2655     1.2415   2853.113  0.000e+00
     51.589     4.3477    10.9333     84.218    173.061 101.582314     0.0772     0.2686     1.2354   2853.113  0.000e+00
     51.632     4.3471    10.9353     84.232    173.211 101.668421     0.0773     0.2777     1.2403   2853.125  0.000e+00
     51.685     4.3462    10.9257     84.156    172.923 101.496209     0.0772     0.2655     1.2366   2853.102  0.000e+00
     51.760     4.3455    10.9230     84.134    173.074 101.582316     0.0773     0.2686     1.2366   2853.113  0.000e+00
     51.868     4.3446    10.9183     84.096    173.079 101.582317     0.0773     0.2808     1.2415   2853.113  0.000e+00
     51.985     4.3446    10.9150     84.071    173.079 101.582318     0.0773     0.2594     1.2390   2853.113  0.000e+00
     52.099     4.3439    10.9176     84.089    173.083 101.582320     0.0773     0.2747     1.2390   2853.113  0.000e+00
     52.211     4.3424    10.9252     84.144    173.239 101.668428     0.0773     0.2625     1.2598   2853.125  0.000e+00
     52.321     4.3404    10.9248     84.137    173.251 101.668429     0.0773     0.2686     1.2634   2853.125  0.000e+00
     52.410     4.3390    10.9291     84.167    173.405 101.754538     0.0774     0.2716     1.2610   2853.137  0.000e+00
     52.486     4.3377    10.9298     84.170    173.364 101.725836     0.0774     0.2564     1.2622   2853.133  0.000e+00
     52.541     4.3369    10.9348     84.206    173.418 101.754540     0.0774     0.2838     1.2403   2853.137  0.000e+00
     52.593     4.3358    10.9327     84.188    173.278 101.668434     0.0773     0.2686     1.2390   2853.125  0.000e+00
     52.643     4.3350    10.9331     84.189    173.283 101.668434     0.0773     0.2625     1.2366   2853.125  0.000e+00
     52.692     4.3335    10.9247     84.121    173.438 101.754542     0.0774     0.2777     1.2390   2853.137  0.000e+00
     52.754     4.3316    10.9213     84.091    173.596 101.840650     0.0775     0.2777     1.2403   2853.148  0.000e+00
     52.843     4.3288    10.9185     84.063    173.662 101.869355     0.0775     0.2716     1.2403   2853.152  0.000e+00
     52.967     4.3257    10.9152     84.030    173.631 101.840655     0.0775     0.2777     1.2427   2853.148  0.000e+00
     53.120     4.3225    10.9099     83.983    173.944 102.012872     0.0776     0.2716     1.2390   2853.172  0.000e+00
     53.276     4.3193    10.9075     83.957    173.816 101.926767     0.0776     0.2747     1.2366   2853.160  0.000e+00
     53.402     4.3150    10.9036     83.918    173.694 101.840662     0.0775     0.2716     1.2403   2853.148  0.000e+00
     53.483     4.3113    10.9065     83.932    174.010 102.012880     0.0777     0.2747     1.2464   2853.172  0.000e+00
     53.507     4.3085    10.9074     83.933    174.174 102.098989     0.0777     0.2716     1.2390   2853.184  0.000e+00
     53.492     4.3066    10.9119     83.963    173.793 101.869368     0.0775     0.2686     1.2390   2853.152  0.000e+00
     53.477     4.3078    10.9124     83.969    174.178 102.098989     0.0777     0.2594     1.2366   2853.184  0.000e+00
     53.508     4.3101    10.9207     84.039    174.017 102.012880     0.0777     0.2625     1.2366   2853.172  0.000e+00
     53.615     4.3118    10.9263     84.086    174.007 102.012881     0.0777     0.2686     1.2403   2853.172  0.000e+00
     53.784     4.3090    10.9250     84.070    174.171 102.098992     0.0777     0.2625     1.2390   2853.184  0.000e+00
     53.976     4.3017    10.9251     84.055    174.361 102.185104     0.0778     0.2686     1.2415   2853.195  0.000e+00
     54.147     4.2961    10.9303     84.082    174.394 102.185108     0.0778     0.2655     1.2403   2853.195  0.000e+00
     54.264     4.2927    10.9269     84.049    174.415 102.185110     0.0778     0.2655     1.2427   2853.195  0.000e+00
     54.322     4.2904    10.9261     84.037    174.428 102.185112     0.0778     0.2686     1.2598   2853.195  0.000e+00
     54.342     4.2886    10.9304     84.066    174.292 102.099004     0.0778     0.2747     1.2647   2853.184  0.000e+00
     54.355     4.2877    10.9316     84.073    174.543 102.242519     0.0779     0.2716     1.2622   2853.203  0.000e+00
     54.379     4.2877    10.9271     84.039    174.444 102.185113     0.0778     0.2625     1.2598   2853.195  0.000e+00
     54.426     4.2886    10.9276     84.045    174.684 102.328628     0.0779     0.2655     1.2390   2853.215  0.000e+00
     54.499     4.2870    10.9271     84.037    174.547 102.242520     0.0779     0.2655     1.2427   2853.203  0.000e+00
     54.603     4.2813    10.9228     83.991    174.728 102.328632     0.0780     0.2655     1.2390   2853.215  0.000e+00
     54.729     4.2760    10.9202     83.960    175.200 102.586965     0.0782     0.2655     1.2366   2853.250  0.000e+00
     54.875     4.2730    10.9166     83.926    175.071 102.500857     0.0781     0.2808     1.2403   2853.238  0.000e+00
     55.016     4.2713    10.9107     83.877    174.935 102.414749     0.0780     0.2777     1.2415   2853.227  0.000e+00
     55.141     4.2698    10.9110     83.876    175.090 102.500861     0.0781     0.2655     1.2439   2853.238  0.000e+00
     55.234     4.2688    10.9080     83.850    175.096 102.500862     0.0781     0.2777     1.2403   2853.238  0.000e+00
     55.284     4.2683    10.9084     83.853    174.952 102.414753     0.0780     0.2686     1.2366   2853.227  0.000e+00
     55.319     4.2684    10.9042     83.820    174.952 102.414753     0.0780     0.2747     1.2403   2853.227  0.000e+00
     55.350     4.2684    10.9037     83.817    175.099 102.500863     0.0781     0.2686     1.2366   2853.238  0.000e+00
     55.402     4.2686    10.9062     83.836    175.098 102.500864     0.0781     0.2655     1.2366   2853.238  0.000e+00
     55.493     4.2683    10.9044     83.822    174.952 102.414755     0.0780     0.2777     1.2647   2853.227  0.000e+00
     55.610     4.2676    10.9045     83.821    175.104 102.500866     0.0781     0.2686     1.2598   2853.238  0.000e+00
     55.733     4.2668    10.8988     83.775    175.108 102.500868     0.0781     0.2655     1.2634   2853.238  0.000e+00
     55.832     4.2657    10.8998     83.781    175.115 102.500869     0.0781     0.2594     1.2622   2853.238  0.000e+00
     55.894     4.2642    10.8960     83.748    175.222 102.558277     0.0782     0.2716     1.2634   2853.246  0.000e+00
     55.956     4.2621    10.9077     83.834    175.284 102.586982     0.0782     0.2686     1.2634   2853.250  0.000e+00
     56.013     4.2603    10.9051     83.810    175.589 102.759205     0.0783     0.2747     1.2586   2853.273  0.000e+00
     56.088     4.2587    10.9038     83.796    175.599 102.759206     0.0783     0.2655     1.2586   2853.273  0.000e+00
     56.195     4.2559    10.9068     83.814    175.615 102.759208     0.0783     0.2655     1.2403   2853.273  0.000e+00
     56.336     4.2534    10.9033     83.781    175.483 102.673099     0.0783     0.2808     1.2427   2853.262  0.000e+00
     56.479     4.2509    10.8989     83.742    175.940 102.931435     0.0785     0.2716     1.2354   2853.297  0.000e+00
     56.610     4.2468    10.8952     83.704    175.866 102.874030     0.0785     0.2716     1.2415   2853.289  0.000e+00
     56.701     4.2428    10.8883     83.642    175.989 102.931440     0.0785     0.2686     1.2598   2853.297  0.000e+00
     56.752     4.2402    10.8845     83.608    176.151 103.017554     0.0786     0.2716     1.2598   2853.309  0.000e+00
     56.769     4.2383    10.8885     83.634    176.016 102.931442     0.0785     0.2716     1.2610   2853.297  0.000e+00
     56.776     4.2374    10.8919     83.658    176.021 102.931443     0.0785     0.2655     1.2610   2853.297  0.000e+00
     56.804     4.2373    10.8952     83.684    176.021 102.931443     0.0785     0.2808     1.2610   2853.297  0.000e+00
     56.878     4.2379    10.9008     83.728    175.870 102.845332     0.0784     0.2686     1.2598   2853.285  0.000e+00
     57.007     4.2378    10.9114     83.809    176.166 103.017557     0.0786     0.2655     1.2573   2853.309  0.000e+00
     57.173     4.2368    10.9138     83.825    176.172 103.017559     0.0786     0.2747     1.2586   2853.309  0.000e+00
     57.344     4.2358    10.9164     83.843    176.178 103.017561     0.0786     0.2625     1.2610   2853.309  0.000e+00
     57.490     4.2335    10.9196     83.862    176.486 103.189788     0.0787     0.2625     1.2622   2853.332  0.000e+00
     57.597     4.2290    10.9145     83.813    176.514 103.189791     0.0787     0.2625     1.2634   2853.332  0.000e+00
     57.668     4.2257    10.9166     83.822    176.533 103.189793     0.0787     0.2716     1.2537   2853.332  0.000e+00
     57.703     4.2245    10.9095     83.766    176.393 103.103681     0.0787     0.2655     1.2622   2853.320  0.000e+00
     57.721     4.2240    10.9054     83.732    176.396 103.103681     0.0787     0.2747     1.2610   2853.320  0.000e+00
     57.752     4.2239    10.9006     83.696    176.397 103.103681     0.0787     0.2686     1.2610   2853.320  0.000e+00
     57.818     4.2244    10.9024     83.710    176.246 103.017569     0.0786     0.2655     1.2622   2853.309  0.000e+00
     57.931     4.2246    10.8991     83.686    176.393 103.103683     0.0787     0.2747     1.3025   2853.320  0.000e+00
     58.080     4.2243    10.8993     83.687    176.542 103.189797     0.0787     0.2655     1.3037   2853.332  0.000e+00
     58.232     4.2223    10.9004     83.691    176.849 103.362026     0.0789     0.2747     1.3013   2853.355  0.000e+00
     58.355     4.2177    10.9098     83.753    176.828 103.333324     0.0789     0.2747     1.3013   2853.352  0.000e+00
     58.451     4.2117    10.9131     83.765    177.060 103.448145     0.0790     0.2625     1.2586   2853.367  0.000e+00
     58.526     4.2073    10.9184     83.796    177.087 103.448148     0.0790     0.2655     1.2610   2853.367  0.000e+00
     58.593     4.2044    10.9211     83.810    177.104 103.448149     0.0790     0.2655     1.2586   2853.367  0.000e+00
     58.664     4.2026    10.9294     83.870    177.115 103.448151     0.0790     0.2747     1.2586   2853.367  0.000e+00
     58.751     4.2019    10.9361     83.920    177.120 103.448152     0.0790     0.2747     1.2586   2853.367  0.000e+00
     58.840     4.2017    10.9384     83.937    177.121 103.448153     0.0790     0.2747     1.2573   2853.367  0.000e+00
     58.925     4.2010    10.9410     83.955    177.174 103.476858     0.0790     0.2747     1.2598   2853.371  0.000e+00
     59.004     4.2002    10.9380     83.931    177.130 103.448155     0.0790     0.2594     1.2586   2853.367  0.000e+00
     59.081     4.1994    10.9394     83.940    177.135 103.448156     0.0790     0.2655     1.2805   2853.367  0.000e+00
     59.177     4.1993    10.9328     83.889    177.135 103.448157     0.0790     0.2655     1.2830   2853.367  0.000e+00
     59.288     4.1996    10.9242     83.823    177.281 103.534272     0.0791     0.2747     1.2781   2853.379  0.000e+00
     59.408     4.1993    10.9169     83.767    177.135 103.448159     0.0790     0.2747     1.2805   2853.367  0.000e+00
     59.520     4.1989    10.9113     83.723    177.285 103.534274     0.0791     0.2716     1.2622   2853.379  0.000e+00
     59.610     4.1982    10.9110     83.719    177.339 103.562980     0.0791     0.2747     1.2598   2853.383  0.000e+00
     59.674     4.1983    10.9076     83.693    177.141 103.448162     0.0790     0.2533     1.2610   2853.367  0.000e+00
     59.714     4.1988    10.9114     83.724    177.139 103.448162     0.0790     0.2747     1.2610   2853.367  0.000e+00
     59.754     4.1987    10.9111     83.721    177.434 103.620391     0.0791     0.2716     1.2610   2853.391  0.000e+00
     59.816     4.1984    10.9125     83.731    177.288 103.534277     0.0791     0.2747     1.2598   2853.379  0.000e+00
     59.911     4.1984    10.9115     83.723    177.289 103.534278     0.0791     0.2716     1.2647   2853.379  0.000e+00
     60.051     4.1988    10.9090     83.705    177.433 103.620394     0.0791     0.2747     1.2573   2853.391  0.000e+00
     60.199     4.1985    10.9087     83.702    177.337 103.562986     0.0791     0.2625     1.2598   2853.383  0.000e+00
     60.329     4.1977    10.9046     83.669    177.293 103.534283     0.0791     0.2625     1.2586   2853.379  0.000e+00
     60.428     4.1969    10.9047     83.668    177.297 103.534284     0.0791     0.2747     1.2622   2853.379  0.000e+00
     60.493     4.1962    10.9020     83.645    177.449 103.620399     0.0791     0.2777     1.2561   2853.391  0.000e+00
     60.529     4.1962    10.9026     83.650    177.154 103.448171     0.0790     0.2747     1.2586   2853.367  0.000e+00
     60.556     4.1964    10.9020     83.646    177.300 103.534285     0.0791     0.2686     1.2573   2853.379  0.000e+00
     60.604     4.1969    10.9070     83.686    177.297 103.534286     0.0791     0.2594     1.2586   2853.379  0.000e+00
     60.684     4.1967    10.9094     83.704    177.348 103.562991     0.0791     0.2747     1.2561   2853.383  0.000e+00
     60.785     4.1963    10.9159     83.752    177.301 103.534288     0.0791     0.2686     1.2769   2853.379  0.000e+00
     60.903     4.1966    10.9187     83.775    177.447 103.620403     0.0791     0.2716     1.2830   2853.391  0.000e+00
     61.016     4.1959    10.9213     83.793    177.451 103.620405     0.0791     0.2747     1.2793   2853.391  0.000e+00
     61.124     4.1941    10.9254     83.821    177.610 103.706521     0.0792     0.2777     1.2805   2853.402  0.000e+00
     61.219     4.1921    10.9262     83.822    177.474 103.620408     0.0791     0.2777     1.2805   2853.391  0.000e+00
     61.316     4.1912    10.9325     83.869    177.480 103.620409     0.0791     0.2686     1.2842   2853.391  0.000e+00
     61.424     4.1906    10.9287     83.838    177.484 103.620410     0.0791     0.2686     1.2781   2853.391  0.000e+00
     61.515     4.1896    10.9293     83.841    177.637 103.706527     0.0792     0.2655     1.2769   2853.402  0.000e+00
     61.574     4.1886    10.9308     83.850    177.643 103.706527     0.0792     0.2716     1.2757   2853.402  0.000e+00
     61.596     4.1882    10.9294     83.838    177.498 103.620413     0.0791     0.2716     1.2830   2853.391  0.000e+00
     61.600     4.1881    10.9257     83.810    177.646 103.706528     0.0792     0.2686     1.2842   2853.402  0.000e+00
     61.603     4.1891    10.9214     83.779    177.493 103.620413     0.0791     0.2655     1.2793   2853.391  0.000e+00
     61.646     4.1908    10.9113     83.705    177.482 103.620412     0.0791     0.2716     1.2830   2853.391  0.000e+00
     61.743     4.1920    10.9035     83.648    177.622 103.706528     0.0792     0.2655     1.2781   2853.402  0.000e+00
     61.899     4.1912    10.9023     83.637    177.725 103.763940     0.0793     0.2686     1.2830   2853.410  0.000e+00
     62.084     4.1887    10.9016     83.626    177.741 103.763943     0.0793     0.2625     1.2805   2853.410  0.000e+00
     62.268     4.1856    10.9040     83.638    177.907 103.850061     0.0793     0.2594     1.2830   2853.422  0.000e+00
