inst/extdata/ctd/2018/more/KL3_27Aug2018006downcast.cnv
* Sea-Bird SBE19plus Data File:
* FileName = C:\Users\FWCP_NRP\Documents\Seabird\Data\Kootenay\2018\KL_27Aug2018\KL_27Aug2018006.hex
* Software Version 1.59
* Temperature SN =  4708
* Conductivity SN =  4708
* System UpLoad Time = Aug 28 2018 14:48:50
* ds
* SeacatPlus V 1.4D  SERIAL NO. 4708    28 Aug 2018  13:35:42
# nquan = 11
# nvalues = 1822                                  
# units = specified
# name 0 = depFM: Depth [fresh water, m]
# name 1 = tv290C: Temperature [ITS-90, deg C]
# name 2 = sbeox0Mg/L: Oxygen, SBE 43 [mg/l]
# name 3 = sbeox0PS: Oxygen, SBE 43 [% saturation]
# name 4 = specc: Specific Conductance [uS/cm]
# name 5 = c0uS/cm: Conductivity [uS/cm]
# name 6 = sal00: Salinity, Practical [PSU]
# name 7 = obsscufa: OBS, Turner SCUFA [NTU]
# name 8 = flScufa: Fluorescence, Turner SCUFA [ug/L]
# name 9 = f1: Frequency 1
# name 10 = flag:  0.000e+00
# span 0 =     -0.653,    121.157                 
# span 1 =     3.9871,    17.7373                 
# span 2 =     6.9857,    11.1520                 
# span 3 =     53.337,    102.825                 
# span 4 =      4.116,    196.327                 
# span 5 =   3.394072, 113.842570                 
# span 6 =     0.0090,     0.0876                 
# span 7 =     0.2502,     2.6001                 
# span 8 =     0.0537,     4.2383                 
# span 9 =   2839.719,   2854.781                 
# span 10 = 0.0000e+00, 0.0000e+00                
# interval = seconds: 0.25
# start_time = Aug 27 2018 16:07:03 [Instrument's time stamp, header]
# bad_flag = -9.990e-29
*END*
[from data line 1705]
    120.623     3.9936    10.1630     77.566    196.020 113.670253     0.0874     0.2686     1.3233   2854.758  0.000e+00
    120.888     3.9931    10.1634     77.569    195.875 113.584099     0.0874     0.2747     1.3233   2854.746  0.000e+00
    121.127     3.9922    10.1631     77.565    196.178 113.756415     0.0875     0.2777     1.3208   2854.770  0.000e+00
    121.104     3.9924    10.1620     77.556    196.177 113.756415     0.0875     0.2655     1.3233   2854.770  0.000e+00
    121.080     3.9933    10.1631     77.567    196.022 113.670258     0.0874     0.2686     1.3196   2854.758  0.000e+00
    121.079     3.9939    10.1608     77.550    196.167 113.756414     0.0875     0.2655     1.3257   2854.770  0.000e+00
    121.074     3.9946    10.1469     77.446    196.013 113.670257     0.0874     0.5707     1.9971   2854.758  0.000e+00
    121.074     3.9950    10.1151     77.203    196.010 113.670257     0.0874     0.5798     1.9922   2854.758  0.000e+00
    121.079     3.9958    10.0643     76.817    195.857 113.584100     0.0874     0.5676     1.9971   2854.746  0.000e+00
    121.079     3.9959     9.9929     76.273    196.004 113.670257     0.0874     0.5859     1.9971   2854.758  0.000e+00
    121.078     3.9964     9.9037     75.593    196.001 113.670257     0.0874     0.4669     1.7615   2854.758  0.000e+00
    121.077     3.9966     9.7944     74.759    196.148 113.756413     0.0875     0.4730     1.7603   2854.770  0.000e+00
    121.077     3.9968     9.6804     73.889    196.295 113.842570     0.0876     0.4700     1.7652   2854.781  0.000e+00
    121.074     3.9969     9.5602     72.972    196.146 113.756413     0.0875     0.4791     1.7615   2854.770  0.000e+00
    121.079     3.9974     9.4499     72.131    196.143 113.756413     0.0875     0.3662     1.4795   2854.770  0.000e+00
    121.076     3.9977     9.3483     71.356    196.141 113.756413     0.0875     0.3754     1.4820   2854.770  0.000e+00
    121.077     3.9979     9.2471     70.584    196.288 113.842570     0.0876     0.3723     1.4856   2854.781  0.000e+00
    121.077     3.9982     9.1627     69.940    195.989 113.670256     0.0874     0.3754     1.4856   2854.758  0.000e+00
    121.076     3.9982     9.0876     69.367    196.138 113.756413     0.0875     0.4578     1.5247   2854.770  0.000e+00
    121.078     3.9988     9.0189     68.844    195.985 113.670256     0.0874     0.4730     1.5247   2854.758  0.000e+00
    121.077     3.9987     8.9511     68.326    195.986 113.670256     0.0874     0.4639     1.5259   2854.758  0.000e+00
    121.074     3.9987     8.8839     67.813    195.985 113.670256     0.0874     0.4700     1.5247   2854.758  0.000e+00
    121.076     3.9991     8.8261     67.373    196.131 113.756412     0.0875     0.3693     1.3965   2854.770  0.000e+00
    121.076     3.9993     8.7713     66.954    196.130 113.756412     0.0875     0.3632     1.3977   2854.770  0.000e+00
    121.072     3.9995     8.7228     66.585    195.832 113.584099     0.0873     0.3815     1.3989   2854.746  0.000e+00
    121.075     3.9997     8.6748     66.219    196.127 113.756412     0.0875     0.3662     1.4002   2854.770  0.000e+00
    121.074     3.9998     8.6272     65.855    196.127 113.756412     0.0875     0.3204     1.3758   2854.770  0.000e+00
    121.074     4.0000     8.5860     65.542    195.977 113.670255     0.0874     0.3204     1.3733   2854.758  0.000e+00
    121.073     4.0001     8.5482     65.253    195.976 113.670255     0.0874     0.3174     1.3733   2854.758  0.000e+00
    121.074     4.0002     8.5142     64.994    195.975 113.670255     0.0874     0.3204     1.3770   2854.758  0.000e+00
    121.071     4.0004     8.4736     64.684    196.122 113.756412     0.0875     0.3265     1.3550   2854.770  0.000e+00
    121.071     4.0007     8.4425     64.447    196.269 113.842569     0.0875     0.3235     1.3574   2854.781  0.000e+00
    121.073     4.0008     8.4119     64.214    196.120 113.756412     0.0875     0.3204     1.3587   2854.770  0.000e+00
    121.071     4.0008     8.3783     63.958    195.971 113.670255     0.0874     0.3204     1.3513   2854.758  0.000e+00
    121.071     4.0011     8.3451     63.704    196.118 113.756412     0.0875     0.3143     1.3440   2854.770  0.000e+00
    121.071     4.0011     8.3167     63.487    195.969 113.670255     0.0874     0.3357     1.3428   2854.758  0.000e+00
    121.072     4.0011     8.2863     63.256    196.118 113.756412     0.0875     0.2991     1.3416   2854.770  0.000e+00
    121.070     4.0013     8.2587     63.045    195.968 113.670255     0.0874     0.3204     1.3428   2854.758  0.000e+00
    121.069     4.0014     8.2309     62.833    196.264 113.842569     0.0875     0.3326     1.3245   2854.781  0.000e+00
    121.070     4.0016     8.1988     62.589    195.966 113.670255     0.0874     0.3143     1.3233   2854.758  0.000e+00
    121.069     4.0018     8.1736     62.396    196.262 113.842569     0.0875     0.3174     1.3208   2854.781  0.000e+00
    121.068     4.0018     8.1462     62.187    196.113 113.756411     0.0875     0.3265     1.3233   2854.770  0.000e+00
    121.070     4.0020     8.1241     62.019    195.963 113.670254     0.0874     0.2747     1.3538   2854.758  0.000e+00
    121.069     4.0022     8.0960     61.805    195.962 113.670254     0.0874     0.2716     1.3562   2854.758  0.000e+00
    121.071     4.0021     8.0760     61.652    196.111 113.756411     0.0875     0.2686     1.3574   2854.770  0.000e+00
    121.085     4.0022     8.0493     61.448    195.962 113.670254     0.0874     0.2716     1.3550   2854.758  0.000e+00
    121.085     4.0024     8.0225     61.244    195.812 113.584098     0.0873     0.2625     1.3220   2854.746  0.000e+00
    121.087     4.0027     8.0095     61.145    196.107 113.756411     0.0875     0.2777     1.3233   2854.770  0.000e+00
    121.085     4.0025     7.9810     60.927    196.109 113.756411     0.0875     0.2655     1.3220   2854.770  0.000e+00
    121.085     4.0028     7.9551     60.730    196.106 113.756411     0.0875     0.2716     1.3233   2854.770  0.000e+00
    121.085     4.0028     7.9287     60.528    195.958 113.670254     0.0874     0.2686     1.3428   2854.758  0.000e+00
    121.084     4.0030     7.9056     60.352    196.105 113.756411     0.0875     0.2716     1.3428   2854.770  0.000e+00
    121.083     4.0031     7.8806     60.162    195.956 113.670254     0.0874     0.2747     1.3416   2854.758  0.000e+00
    121.070     4.0030     7.8616     60.016    195.956 113.670254     0.0874     0.2686     1.3428   2854.758  0.000e+00
    121.066     4.0034     7.8392     59.846    195.805 113.584097     0.0873     0.2716     1.3416   2854.746  0.000e+00
    121.088     4.0035     7.8192     59.694    196.101 113.756411     0.0875     0.2686     1.3404   2854.770  0.000e+00
    121.093     4.0036     7.8013     59.557    195.952 113.670254     0.0874     0.2747     1.3428   2854.758  0.000e+00
    121.089     4.0038     7.7848     59.431    196.248 113.842568     0.0875     0.2686     1.3440   2854.781  0.000e+00
    121.089     4.0039     7.7605     59.246    195.950 113.670254     0.0874     0.2625     1.3416   2854.758  0.000e+00
    121.088     4.0040     7.7439     59.120    196.098 113.756411     0.0875     0.2747     1.3428   2854.770  0.000e+00
    121.086     4.0039     7.7212     58.946    195.951 113.670254     0.0874     0.2716     1.3440   2854.758  0.000e+00
    121.086     4.0042     7.7034     58.810    195.800 113.584097     0.0873     0.2655     1.3440   2854.746  0.000e+00
    121.083     4.0045     7.6876     58.691    196.095 113.756410     0.0875     0.3235     1.3538   2854.770  0.000e+00
    121.080     4.0046     7.6686     58.545    195.946 113.670254     0.0874     0.3265     1.3587   2854.758  0.000e+00
    121.077     4.0046     7.6510     58.411    196.094 113.756410     0.0875     0.3296     1.3550   2854.770  0.000e+00
    121.086     4.0046     7.6356     58.294    195.945 113.670254     0.0874     0.3265     1.3526   2854.758  0.000e+00
    121.092     4.0049     7.6188     58.166    195.944 113.670254     0.0874     0.3265     1.3965   2854.758  0.000e+00
    121.096     4.0052     7.6001     58.023    196.090 113.756410     0.0875     0.3296     1.3977   2854.770  0.000e+00
    121.095     4.0051     7.5922     57.963    195.942 113.670254     0.0874     0.3296     1.3953   2854.758  0.000e+00
    121.093     4.0054     7.5645     57.752    195.940 113.670253     0.0874     0.3113     1.3989   2854.758  0.000e+00
    121.092     4.0055     7.5483     57.628    195.939 113.670253     0.0874     0.4578     1.4832   2854.758  0.000e+00
    121.091     4.0055     7.5312     57.498    195.939 113.670253     0.0874     0.4761     1.4868   2854.758  0.000e+00
    121.092     4.0056     7.5172     57.391    195.939 113.670253     0.0874     0.4639     1.4832   2854.758  0.000e+00
    121.090     4.0062     7.5029     57.283    196.084 113.756410     0.0875     0.4791     1.4856   2854.770  0.000e+00
    121.085     4.0060     7.4876     57.166    196.085 113.756410     0.0875     0.3693     1.4185   2854.770  0.000e+00
    121.073     4.0059     7.4732     57.056    196.085 113.756410     0.0875     0.3632     1.4197   2854.770  0.000e+00
    121.069     4.0062     7.4531     56.903    195.935 113.670253     0.0874     0.3601     1.4173   2854.758  0.000e+00
    121.076     4.0060     7.4404     56.805    195.936 113.670253     0.0874     0.3723     1.4209   2854.758  0.000e+00
    121.097     4.0062     7.4249     56.688    195.935 113.670253     0.0874     0.4242     1.5039   2854.758  0.000e+00
    121.104     4.0061     7.4074     56.554    196.233 113.842567     0.0875     0.4089     1.5015   2854.781  0.000e+00
    121.110     4.0063     7.3920     56.436    195.934 113.670253     0.0874     0.4150     1.5076   2854.758  0.000e+00
    121.112     4.0061     7.3780     56.329    195.787 113.584097     0.0873     0.4211     1.5064   2854.746  0.000e+00
    121.111     4.0062     7.3525     56.134    195.935 113.670253     0.0874     0.4211     1.5051   2854.758  0.000e+00
    121.109     4.0065     7.3488     56.107    196.230 113.842567     0.0875     0.4242     1.5064   2854.781  0.000e+00
    121.108     4.0063     7.3367     56.014    195.934 113.670253     0.0874     0.4181     1.5051   2854.758  0.000e+00
    121.107     4.0064     7.3247     55.923    196.082 113.756410     0.0875     0.4211     1.5064   2854.770  0.000e+00
    121.091     4.0067     7.3115     55.822    195.932 113.670253     0.0874     0.4181     1.5271   2854.758  0.000e+00
    121.046     4.0066     7.3039     55.764    196.080 113.756409     0.0875     0.4242     1.5259   2854.770  0.000e+00
    121.029     4.0066     7.2886     55.647    196.229 113.842566     0.0875     0.4181     1.5222   2854.781  0.000e+00
    121.049     4.0068     7.2772     55.561    196.228 113.842566     0.0875     0.4211     1.5259   2854.781  0.000e+00
    121.099     4.0067     7.2682     55.492    195.932 113.670253     0.0874     0.4150     1.5259   2854.758  0.000e+00
    121.130     4.0068     7.2502     55.354    196.228 113.842567     0.0875     0.4242     1.5283   2854.781  0.000e+00
    121.138     4.0068     7.2392     55.270    196.079 113.756410     0.0875     0.4120     1.5198   2854.770  0.000e+00
    121.146     4.0071     7.2257     55.168    196.077 113.756410     0.0875     0.4211     1.5259   2854.770  0.000e+00
    121.153     4.0071     7.2113     55.058    196.226 113.842567     0.0875     0.5646     1.6968   2854.781  0.000e+00
    121.153     4.0075     7.2022     54.989    195.926 113.670253     0.0874     0.5829     1.6956   2854.758  0.000e+00
    121.146     4.0076     7.1921     54.912    196.074 113.756410     0.0875     0.5768     1.6980   2854.770  0.000e+00
    121.125     4.0076     7.1788     54.811    196.074 113.756410     0.0875     0.5737     1.7017   2854.770  0.000e+00
    121.025     4.0078     7.1604     54.670    196.072 113.756409     0.0875     0.5859     1.6761   2854.770  0.000e+00
    120.979     4.0080     7.1521     54.607    196.071 113.756408     0.0875     0.5829     1.6773   2854.770  0.000e+00
    120.996     4.0079     7.1404     54.517    195.923 113.670251     0.0874     0.5768     1.6785   2854.758  0.000e+00
    121.006     4.0081     7.1303     54.441    196.070 113.756408     0.0875     0.5890     1.6724   2854.770  0.000e+00
    121.060     4.0083     7.1174     54.343    196.069 113.756409     0.0875     0.6287     1.7212   2854.770  0.000e+00
    121.099     4.0084     7.1063     54.258    195.920 113.670252     0.0874     0.6409     1.7249   2854.758  0.000e+00
    121.123     4.0086     7.0940     54.165    196.216 113.842567     0.0875     0.6287     1.7176   2854.781  0.000e+00
    121.145     4.0086     7.0879     54.118    195.919 113.670253     0.0874     0.6287     1.7200   2854.758  0.000e+00
    121.141     4.0088     7.0773     54.037    196.066 113.756410     0.0875     0.6226     1.7200   2854.770  0.000e+00
    121.134     4.0088     7.0706     53.986    195.917 113.670253     0.0874     0.6226     1.7176   2854.758  0.000e+00
    121.086     4.0085     7.0566     53.878    196.216 113.842566     0.0875     0.6287     1.7200   2854.781  0.000e+00
    120.990     4.0086     7.0469     53.805    195.919 113.670251     0.0874     0.6287     1.7176   2854.758  0.000e+00
    120.981     4.0086     7.0379     53.736    195.919 113.670251     0.0874     2.5391     4.2383   2854.758  0.000e+00
    120.988     4.0088     7.0313     53.686    196.066 113.756408     0.0875     2.5452     4.2359   2854.770  0.000e+00
    121.007     4.0087     7.0169     53.576    196.067 113.756408     0.0875     2.5330     4.2371   2854.770  0.000e+00
    121.072     4.0087     7.0104     53.526    195.918 113.670252     0.0874     2.5299     4.2347   2854.758  0.000e+00
    121.113     4.0085     6.9984     53.434    195.919 113.670252     0.0874     2.5910     4.1444   2854.758  0.000e+00
    121.149     4.0087     6.9946     53.405    195.918 113.670253     0.0874     2.6001     4.1468   2854.758  0.000e+00
    121.157     4.0088     6.9857     53.337    195.917 113.670253     0.0874     2.5818     4.1492   2854.758  0.000e+00
