inst/extdata/ctd/2018/more/KL3_27Aug2018006downcast.cnv
* Sea-Bird SBE19plus Data File:
* FileName = C:\Users\FWCP_NRP\Documents\Seabird\Data\Kootenay\2018\KL_27Aug2018\KL_27Aug2018006.hex
* Software Version 1.59
* Temperature SN =  4708
* Conductivity SN =  4708
* System UpLoad Time = Aug 28 2018 14:48:50
* ds
* SeacatPlus V 1.4D  SERIAL NO. 4708    28 Aug 2018  13:35:42
# nquan = 11
# nvalues = 1822                                  
# units = specified
# name 0 = depFM: Depth [fresh water, m]
# name 1 = tv290C: Temperature [ITS-90, deg C]
# name 2 = sbeox0Mg/L: Oxygen, SBE 43 [mg/l]
# name 3 = sbeox0PS: Oxygen, SBE 43 [% saturation]
# name 4 = specc: Specific Conductance [uS/cm]
# name 5 = c0uS/cm: Conductivity [uS/cm]
# name 6 = sal00: Salinity, Practical [PSU]
# name 7 = obsscufa: OBS, Turner SCUFA [NTU]
# name 8 = flScufa: Fluorescence, Turner SCUFA [ug/L]
# name 9 = f1: Frequency 1
# name 10 = flag:  0.000e+00
# span 0 =     -0.653,    121.157                 
# span 1 =     3.9871,    17.7373                 
# span 2 =     6.9857,    11.1520                 
# span 3 =     53.337,    102.825                 
# span 4 =      4.116,    196.327                 
# span 5 =   3.394072, 113.842570                 
# span 6 =     0.0090,     0.0876                 
# span 7 =     0.2502,     2.6001                 
# span 8 =     0.0537,     4.2383                 
# span 9 =   2839.719,   2854.781                 
# span 10 = 0.0000e+00, 0.0000e+00                
# interval = seconds: 0.25
# start_time = Aug 27 2018 16:07:03 [Instrument's time stamp, header]
# bad_flag = -9.990e-29
*END*
[from data line 787]
     44.712     4.3403    11.0815     85.343    170.512 100.061095     0.0761     0.2716     1.1975   2852.906  0.000e+00
     44.906     4.3431    11.0795     85.334    170.642 100.147196     0.0761     0.2686     1.1975   2852.918  0.000e+00
     45.199     4.3423    11.0777     85.318    170.794 100.233300     0.0762     0.2686     1.2024   2852.930  0.000e+00
     45.535     4.3378    11.0780     85.311    170.967 100.319406     0.0763     0.2716     1.1975   2852.941  0.000e+00
     45.901     4.3304    11.0809     85.316    171.597 100.663818     0.0766     0.2716     1.1780   2852.988  0.000e+00
     46.245     4.3224    11.0898     85.367    171.889 100.807329     0.0767     0.2747     1.1768   2853.008  0.000e+00
     46.414     4.3160    11.0938     85.384    172.220 100.979540     0.0768     0.2716     1.1768   2853.031  0.000e+00
     46.351     4.3155    11.1040     85.461    172.076 100.893435     0.0768     0.2777     1.1731   2853.020  0.000e+00
     46.153     4.3166    11.1061     85.480    171.776 100.721227     0.0766     0.2716     1.1768   2852.996  0.000e+00
     45.947     4.3186    11.1031     85.461    171.764 100.721224     0.0766     0.2625     1.1743   2852.996  0.000e+00
     45.821     4.3207    11.1024     85.460    171.654 100.663821     0.0766     0.2686     1.1804   2852.988  0.000e+00
     45.814     4.3234    11.0954     85.412    171.344 100.491616     0.0764     0.2716     1.1743   2852.965  0.000e+00
     45.948     4.3248    11.0932     85.399    171.483 100.577718     0.0765     0.2747     1.1975   2852.977  0.000e+00
     46.195     4.3205    11.0887     85.354    171.361 100.491620     0.0765     0.2686     1.1926   2852.965  0.000e+00
     46.522     4.3153    11.0840     85.306    171.832 100.749932     0.0767     0.2655     1.1963   2853.000  0.000e+00
     46.865     4.3133    11.0751     85.234    172.236 100.979545     0.0768     0.2686     1.1963   2853.031  0.000e+00
     47.184     4.3132    11.0729     85.217    172.236 100.979548     0.0768     0.2716     1.1975   2853.031  0.000e+00
     47.364     4.3093    11.0722     85.202    172.260 100.979551     0.0769     0.2808     1.1975   2853.031  0.000e+00
     47.392     4.3024    11.0751     85.209    172.153 100.893450     0.0768     0.2747     1.1963   2853.020  0.000e+00
     47.291     4.2972    11.0674     85.139    172.036 100.807347     0.0767     0.2716     1.1975   2853.008  0.000e+00
     47.133     4.2983    11.0722     85.178    172.177 100.893449     0.0768     0.2747     1.1939   2853.020  0.000e+00
     46.988     4.3041    11.0705     85.177    172.143 100.893445     0.0768     0.2716     1.1926   2853.020  0.000e+00
     46.941     4.3099    11.0624     85.128    172.256 100.979547     0.0769     0.2655     1.1975   2853.031  0.000e+00
     47.030     4.3133    11.0641     85.149    172.236 100.979546     0.0768     0.2747     1.1975   2853.031  0.000e+00
     47.238     4.3134    11.0547     85.077    172.088 100.893445     0.0768     0.2777     1.1975   2853.020  0.000e+00
     47.538     4.3081    11.0587     85.096    171.973 100.807346     0.0767     0.2625     1.1963   2853.008  0.000e+00
     47.861     4.3003    11.0572     85.067    172.018 100.807351     0.0767     0.2747     1.1963   2853.008  0.000e+00
     48.168     4.2923    11.0571     85.048    172.457 101.036967     0.0769     0.2625     1.1963   2853.039  0.000e+00
     48.313     4.2854    11.0594     85.051    172.841 101.237881     0.0771     0.2747     1.1963   2853.066  0.000e+00
     48.352     4.2802    11.0600     85.044    172.724 101.151778     0.0770     0.2777     1.1975   2853.055  0.000e+00
     48.302     4.2777    11.0608     85.045    172.739 101.151778     0.0770     0.2564     1.1975   2853.055  0.000e+00
     48.223     4.2786    11.0631     85.064    172.293 100.893465     0.0768     0.2777     1.1951   2853.020  0.000e+00
     48.152     4.2817    11.0637     85.075    172.422 100.979567     0.0769     0.2716     1.2195   2853.031  0.000e+00
     48.162     4.2850    11.0589     85.046    172.549 101.065670     0.0770     0.2655     1.2171   2853.043  0.000e+00
     48.267     4.2881    11.0556     85.028    172.482 101.036969     0.0769     0.2716     1.2158   2853.039  0.000e+00
     48.467     4.2857    11.0543     85.012    172.692 101.151777     0.0770     0.2747     1.2158   2853.055  0.000e+00
     48.721     4.2801    11.0504     84.970    172.872 101.237886     0.0771     0.2655     1.2183   2853.066  0.000e+00
     48.945     4.2742    11.0483     84.940    173.054 101.323995     0.0772     0.2686     1.2207   2853.078  0.000e+00
     49.091     4.2696    11.0472     84.922    172.787 101.151788     0.0771     0.2686     1.2183   2853.055  0.000e+00
     49.158     4.2671    11.0406     84.865    172.949 101.237895     0.0771     0.2655     1.2207   2853.066  0.000e+00
     49.164     4.2661    11.0427     84.879    172.955 101.237895     0.0771     0.2777     1.2207   2853.066  0.000e+00
     49.161     4.2654    11.0474     84.914    172.910 101.209194     0.0771     0.2655     1.2207   2853.063  0.000e+00
     49.188     4.2664    11.0476     84.918    172.953 101.237895     0.0771     0.2594     1.2134   2853.066  0.000e+00
     49.263     4.2676    11.0514     84.950    172.946 101.237895     0.0771     0.2625     1.2158   2853.066  0.000e+00
     49.385     4.2681    11.0527     84.961    173.090 101.324002     0.0772     0.2686     1.2195   2853.078  0.000e+00
     49.529     4.2678    11.0574     84.996    172.945 101.237898     0.0771     0.2686     1.2171   2853.066  0.000e+00
     49.682     4.2665    11.0559     84.982    172.952 101.237900     0.0771     0.2625     1.2183   2853.066  0.000e+00
     49.816     4.2651    11.0563     84.981    172.961 101.237902     0.0771     0.2686     1.2207   2853.066  0.000e+00
     49.920     4.2651    11.0562     84.981    173.304 101.438815     0.0773     0.2686     1.2134   2853.094  0.000e+00
     49.996     4.2679    11.0585     85.005    173.091 101.324007     0.0772     0.2716     1.2207   2853.078  0.000e+00
     50.056     4.2706    11.0622     85.040    173.075 101.324007     0.0772     0.2716     1.2183   2853.078  0.000e+00
     50.118     4.2717    11.0668     85.077    173.216 101.410113     0.0773     0.2777     1.2195   2853.090  0.000e+00
     50.201     4.2724    11.0683     85.090    173.212 101.410113     0.0773     0.2686     1.2158   2853.090  0.000e+00
     50.329     4.2721    11.0715     85.114    173.214 101.410115     0.0773     0.2716     1.2232   2853.090  0.000e+00
     50.490     4.2708    11.0709     85.107    173.369 101.496222     0.0773     0.2716     1.2195   2853.102  0.000e+00
     50.655     4.2694    11.0709     85.104    173.279 101.438820     0.0773     0.2594     1.2195   2853.094  0.000e+00
     50.784     4.2662    11.0661     85.060    173.101 101.324015     0.0772     0.2716     1.2195   2853.078  0.000e+00
     50.852     4.2627    11.0646     85.040    173.122 101.324017     0.0772     0.2777     1.2158   2853.078  0.000e+00
     50.868     4.2600    11.0582     84.985    173.138 101.324018     0.0772     0.2808     1.2207   2853.078  0.000e+00
     50.857     4.2584    11.0557     84.962    173.442 101.496230     0.0774     0.2655     1.2195   2853.102  0.000e+00
     50.869     4.2593    11.0549     84.958    173.290 101.410124     0.0773     0.2716     1.2329   2853.090  0.000e+00
     50.963     4.2610    11.0505     84.928    173.279 101.410124     0.0773     0.2716     1.2415   2853.090  0.000e+00
     51.148     4.2609    11.0532     84.949    173.182 101.352722     0.0772     0.2655     1.2366   2853.082  0.000e+00
     51.385     4.2578    11.0447     84.876    173.298 101.410129     0.0773     0.2747     1.2403   2853.090  0.000e+00
     51.606     4.2544    11.0434     84.859    173.466 101.496238     0.0774     0.2625     1.2171   2853.102  0.000e+00
     51.736     4.2514    11.0366     84.800    173.483 101.496241     0.0774     0.2594     1.2171   2853.102  0.000e+00
     51.781     4.2497    11.0268     84.721    173.641 101.582348     0.0774     0.2686     1.2183   2853.113  0.000e+00
     51.760     4.2495    11.0218     84.682    173.495 101.496241     0.0774     0.2716     1.2134   2853.102  0.000e+00
     51.726     4.2494    11.0168     84.643    173.495 101.496241     0.0774     0.2594     1.2403   2853.102  0.000e+00
     51.714     4.2510    11.0151     84.634    173.240 101.352731     0.0773     0.2594     1.2366   2853.082  0.000e+00
     51.766     4.2551    11.0188     84.672    173.609 101.582346     0.0774     0.2625     1.2390   2853.113  0.000e+00
     51.910     4.2558    11.0222     84.699    173.604 101.582347     0.0774     0.2625     1.2366   2853.113  0.000e+00
     52.139     4.2528    11.0318     84.767    173.622 101.582350     0.0774     0.2747     1.2207   2853.113  0.000e+00
     52.409     4.2502    11.0365     84.796    173.785 101.668460     0.0775     0.2747     1.2134   2853.125  0.000e+00
     52.632     4.2491    11.0371     84.799    173.939 101.754569     0.0776     0.2655     1.2171   2853.137  0.000e+00
     52.733     4.2490    11.0376     84.803    173.939 101.754570     0.0776     0.2686     1.2207   2853.137  0.000e+00
     52.730     4.2482    11.0390     84.812    173.895 101.725868     0.0776     0.2747     1.2183   2853.133  0.000e+00
     52.667     4.2484    11.0336     84.770    173.943 101.754570     0.0776     0.2625     1.2183   2853.137  0.000e+00
     52.614     4.2502    11.0315     84.759    173.785 101.668462     0.0775     0.2747     1.2171   2853.125  0.000e+00
     52.613     4.2538    11.0230     84.701    173.764 101.668461     0.0775     0.2625     1.2171   2853.125  0.000e+00
     52.682     4.2555    11.0240     84.713    173.753 101.668461     0.0775     0.2655     1.2195   2853.125  0.000e+00
     52.857     4.2549    11.0290     84.750    173.904 101.754570     0.0776     0.2808     1.2122   2853.137  0.000e+00
     53.114     4.2525    11.0352     84.792    174.065 101.840680     0.0776     0.2564     1.2207   2853.148  0.000e+00
     53.400     4.2501    11.0373     84.802    174.031 101.811981     0.0776     0.2686     1.2195   2853.145  0.000e+00
     53.611     4.2471    11.0412     84.826    173.951 101.754579     0.0776     0.2686     1.2427   2853.137  0.000e+00
     53.677     4.2446    11.0468     84.863    174.260 101.926796     0.0777     0.2777     1.2390   2853.160  0.000e+00
     53.631     4.2440    11.0458     84.854    174.411 102.012903     0.0778     0.2777     1.2403   2853.172  0.000e+00
     53.536     4.2446    11.0481     84.873    174.260 101.926794     0.0777     0.2747     1.2366   2853.160  0.000e+00
     53.455     4.2466    11.0446     84.851    174.101 101.840685     0.0776     0.2655     1.2354   2853.148  0.000e+00
     53.457     4.2493    11.0448     84.858    174.036 101.811982     0.0776     0.2686     1.2403   2853.145  0.000e+00
     53.583     4.2514    11.0423     84.844    173.925 101.754578     0.0776     0.2686     1.2366   2853.137  0.000e+00
     53.823     4.2515    11.0407     84.832    174.072 101.840687     0.0776     0.2564     1.2390   2853.148  0.000e+00
     54.114     4.2498    11.0419     84.837    174.376 102.012906     0.0778     0.2747     1.2427   2853.172  0.000e+00
     54.326     4.2471    11.0400     84.817    174.539 102.099017     0.0778     0.2747     1.2366   2853.184  0.000e+00
     54.403     4.2435    11.0454     84.850    174.708 102.185128     0.0779     0.2655     1.2354   2853.195  0.000e+00
     54.379     4.2405    11.0432     84.827    174.579 102.099020     0.0779     0.2686     1.2390   2853.184  0.000e+00
     54.306     4.2400    11.0456     84.844    174.484 102.041614     0.0778     0.2747     1.2403   2853.176  0.000e+00
     54.236     4.2424    11.0463     84.855    174.273 101.926802     0.0777     0.2594     1.2366   2853.160  0.000e+00
     54.239     4.2456    11.0457     84.858    174.401 102.012909     0.0778     0.2625     1.2329   2853.172  0.000e+00
     54.344     4.2482    11.0354     84.784    174.238 101.926801     0.0777     0.2716     1.2390   2853.160  0.000e+00
     54.545     4.2493    11.0341     84.777    174.379 102.012910     0.0778     0.2716     1.2366   2853.172  0.000e+00
     54.775     4.2480    11.0227     84.686    174.534 102.099021     0.0778     0.2686     1.2366   2853.184  0.000e+00
     54.958     4.2452    11.0154     84.624    174.796 102.242539     0.0780     0.2655     1.2390   2853.203  0.000e+00
     55.059     4.2419    11.0129     84.597    174.865 102.271244     0.0780     0.2686     1.2366   2853.207  0.000e+00
     55.096     4.2406    11.0074     84.553    174.726 102.185136     0.0779     0.2594     1.2622   2853.195  0.000e+00
     55.080     4.2405    11.0042     84.528    174.726 102.185135     0.0779     0.2716     1.2598   2853.195  0.000e+00
     55.048     4.2411    11.0074     84.553    174.575 102.099026     0.0779     0.2747     1.2634   2853.184  0.000e+00
     55.056     4.2433    11.0096     84.575    174.710 102.185134     0.0779     0.2808     1.2622   2853.195  0.000e+00
     55.128     4.2465    11.0098     84.584    174.789 102.242540     0.0780     0.2655     1.2415   2853.203  0.000e+00
     55.254     4.2482    11.0086     84.578    174.533 102.099026     0.0778     0.2716     1.2403   2853.184  0.000e+00
     55.419     4.2473    11.0117     84.600    174.538 102.099028     0.0778     0.2686     1.2403   2853.184  0.000e+00
     55.571     4.2450    11.0127     84.603    174.945 102.328654     0.0780     0.2747     1.2366   2853.215  0.000e+00
     55.701     4.2420    11.0174     84.632    174.962 102.328656     0.0780     0.2686     1.2366   2853.215  0.000e+00
     55.794     4.2388    11.0183     84.632    175.129 102.414768     0.0781     0.2686     1.2415   2853.227  0.000e+00
     55.862     4.2360    11.0211     84.647    174.998 102.328660     0.0780     0.2716     1.2390   2853.215  0.000e+00
     55.922     4.2350    11.0178     84.620    175.152 102.414770     0.0781     0.2808     1.2390   2853.227  0.000e+00
     55.988     4.2342    11.0082     84.545    175.156 102.414771     0.0781     0.2838     1.2598   2853.227  0.000e+00
     56.072     4.2331    11.0022     84.496    175.310 102.500882     0.0782     0.2747     1.2634   2853.238  0.000e+00
     56.171     4.2317    10.9938     84.428    175.172 102.414774     0.0781     0.2655     1.2573   2853.227  0.000e+00
     56.277     4.2298    10.9827     84.339    175.183 102.414775     0.0781     0.2777     1.2634   2853.227  0.000e+00
     56.372     4.2285    10.9734     84.264    175.338 102.500887     0.0782     0.2747     1.2610   2853.238  0.000e+00
     56.447     4.2274    10.9635     84.186    175.197 102.414778     0.0781     0.2747     1.2586   2853.227  0.000e+00
     56.520     4.2261    10.9630     84.179    175.352 102.500889     0.0782     0.2686     1.2586   2853.238  0.000e+00
     56.589     4.2240    10.9663     84.200    175.218 102.414780     0.0781     0.2808     1.2610   2853.227  0.000e+00
     56.668     4.2204    10.9710     84.228    175.239 102.414782     0.0781     0.2655     1.2427   2853.227  0.000e+00
     56.749     4.2163    10.9755     84.253    175.116 102.328675     0.0781     0.2594     1.2366   2853.215  0.000e+00
     56.824     4.2120    10.9772     84.257    175.142 102.328677     0.0781     0.2686     1.2366   2853.215  0.000e+00
     56.892     4.2073    10.9796     84.265    175.171 102.328679     0.0781     0.2594     1.2366   2853.215  0.000e+00
     56.956     4.2033    10.9831     84.283    175.490 102.500901     0.0782     0.2747     1.2341   2853.238  0.000e+00
     57.023     4.2002    10.9845     84.287    175.361 102.414792     0.0782     0.2777     1.2390   2853.227  0.000e+00
     57.094     4.1991    10.9911     84.336    175.515 102.500903     0.0783     0.2838     1.2366   2853.238  0.000e+00
