inst/extdata/ctd/2018/more/KL3_27Aug2018006downcast.cnv
* Sea-Bird SBE19plus Data File:
* FileName = C:\Users\FWCP_NRP\Documents\Seabird\Data\Kootenay\2018\KL_27Aug2018\KL_27Aug2018006.hex
* Software Version 1.59
* Temperature SN =  4708
* Conductivity SN =  4708
* System UpLoad Time = Aug 28 2018 14:48:50
* ds
* SeacatPlus V 1.4D  SERIAL NO. 4708    28 Aug 2018  13:35:42
# nquan = 11
# nvalues = 1822                                  
# units = specified
# name 0 = depFM: Depth [fresh water, m]
# name 1 = tv290C: Temperature [ITS-90, deg C]
# name 2 = sbeox0Mg/L: Oxygen, SBE 43 [mg/l]
# name 3 = sbeox0PS: Oxygen, SBE 43 [% saturation]
# name 4 = specc: Specific Conductance [uS/cm]
# name 5 = c0uS/cm: Conductivity [uS/cm]
# name 6 = sal00: Salinity, Practical [PSU]
# name 7 = obsscufa: OBS, Turner SCUFA [NTU]
# name 8 = flScufa: Fluorescence, Turner SCUFA [ug/L]
# name 9 = f1: Frequency 1
# name 10 = flag:  0.000e+00
# span 0 =     -0.653,    121.157                 
# span 1 =     3.9871,    17.7373                 
# span 2 =     6.9857,    11.1520                 
# span 3 =     53.337,    102.825                 
# span 4 =      4.116,    196.327                 
# span 5 =   3.394072, 113.842570                 
# span 6 =     0.0090,     0.0876                 
# span 7 =     0.2502,     2.6001                 
# span 8 =     0.0537,     4.2383                 
# span 9 =   2839.719,   2854.781                 
# span 10 = 0.0000e+00, 0.0000e+00                
# interval = seconds: 0.25
# start_time = Aug 27 2018 16:07:03 [Instrument's time stamp, header]
# bad_flag = -9.990e-29
*END*
[from data line 1181]
     79.159     4.0822    11.0297     84.374    183.377 106.663570     0.0817     0.2686     1.2818   2853.805  0.000e+00
     79.240     4.0817    11.0299     84.375    183.626 106.807117     0.0819     0.2655     1.2805   2853.824  0.000e+00
     79.294     4.0814    11.0247     84.334    183.382 106.663571     0.0817     0.2655     1.2842   2853.805  0.000e+00
     79.351     4.0814    11.0202     84.300    183.530 106.749700     0.0818     0.2594     1.2830   2853.816  0.000e+00
     79.411     4.0818    11.0096     84.220    183.527 106.749700     0.0818     0.2716     1.2732   2853.816  0.000e+00
     79.465     4.0816    11.0068     84.198    183.529 106.749701     0.0818     0.2686     1.2781   2853.816  0.000e+00
     79.499     4.0814    11.0032     84.170    183.382 106.663573     0.0817     0.2686     1.2805   2853.805  0.000e+00
     79.551     4.0812    11.0069     84.198    183.531 106.749702     0.0818     0.2686     1.2842   2853.816  0.000e+00
     79.630     4.0814    11.0117     84.235    183.629 106.807121     0.0819     0.2533     1.2830   2853.824  0.000e+00
     79.733     4.0815    11.0122     84.239    183.677 106.835831     0.0819     0.2655     1.2793   2853.828  0.000e+00
     79.869     4.0809    11.0130     84.243    183.385 106.663577     0.0817     0.2716     1.2805   2853.805  0.000e+00
     80.018     4.0802    11.0143     84.253    183.636 106.807125     0.0819     0.2655     1.2805   2853.824  0.000e+00
     80.156     4.0801    11.0097     84.217    183.785 106.893255     0.0819     0.2686     1.2805   2853.836  0.000e+00
     80.271     4.0799    11.0045     84.177    183.934 106.979385     0.0820     0.2777     1.2781   2853.848  0.000e+00
     80.337     4.0790    10.9968     84.116    183.940 106.979386     0.0820     0.2655     1.2830   2853.848  0.000e+00
     80.372     4.0784    10.9926     84.082    183.796 106.893258     0.0819     0.2686     1.2842   2853.836  0.000e+00
     80.395     4.0785    10.9909     84.070    183.795 106.893258     0.0819     0.2747     1.2793   2853.836  0.000e+00
     80.426     4.0789    10.9949     84.101    183.793 106.893258     0.0819     0.2686     1.2805   2853.836  0.000e+00
     80.492     4.0798    11.0013     84.152    183.638 106.807130     0.0819     0.2686     1.2842   2853.824  0.000e+00
     80.597     4.0797    11.0068     84.193    183.787 106.893260     0.0819     0.2655     1.2781   2853.836  0.000e+00
     80.733     4.0792    11.0101     84.218    183.791 106.893261     0.0819     0.2686     1.2793   2853.836  0.000e+00
     80.879     4.0786    11.0173     84.272    183.794 106.893263     0.0819     0.2655     1.2818   2853.836  0.000e+00
     81.032     4.0783    11.0197     84.289    183.944 106.979393     0.0820     0.2777     1.2805   2853.848  0.000e+00
     81.169     4.0775    11.0191     84.283    184.098 107.065524     0.0821     0.2716     1.2830   2853.859  0.000e+00
     81.261     4.0764    11.0161     84.258    184.105 107.065525     0.0821     0.2655     1.2805   2853.859  0.000e+00
     81.328     4.0761    11.0145     84.244    184.255 107.151655     0.0821     0.2716     1.2818   2853.871  0.000e+00
     81.383     4.0759    11.0130     84.233    184.108 107.065526     0.0821     0.2655     1.2805   2853.859  0.000e+00
     81.436     4.0756    11.0136     84.237    183.961 106.979398     0.0820     0.2655     1.2842   2853.848  0.000e+00
     81.496     4.0750    11.0137     84.236    183.817 106.893270     0.0819     0.2747     1.2830   2853.836  0.000e+00
     81.568     4.0750    11.0131     84.232    184.114 107.065529     0.0821     0.2716     1.2793   2853.859  0.000e+00
     81.648     4.0751    11.0227     84.305    183.965 106.979400     0.0820     0.2625     1.2769   2853.848  0.000e+00
     81.741     4.0751    11.0229     84.306    184.409 107.237789     0.0822     0.2625     1.2842   2853.883  0.000e+00
     81.843     4.0747    11.0225     84.303    183.967 106.979402     0.0820     0.2716     1.2769   2853.848  0.000e+00
     81.957     4.0747    11.0175     84.265    184.115 107.065533     0.0821     0.2747     1.2830   2853.859  0.000e+00
     82.073     4.0748    11.0209     84.291    184.411 107.237793     0.0822     0.2777     1.2988   2853.883  0.000e+00
     82.184     4.0742    11.0196     84.279    184.415 107.237794     0.0822     0.2777     1.2940   2853.883  0.000e+00
     82.286     4.0734    11.0224     84.299    184.370 107.209085     0.0822     0.2808     1.3025   2853.879  0.000e+00
     82.378     4.0725    11.0230     84.302    184.425 107.237797     0.0822     0.2747     1.3001   2853.883  0.000e+00
     82.445     4.0724    11.0231     84.302    184.426 107.237797     0.0822     0.2716     1.2781   2853.883  0.000e+00
     82.504     4.0723    11.0239     84.308    184.279 107.151668     0.0821     0.2655     1.2781   2853.871  0.000e+00
     82.586     4.0723    11.0318     84.369    184.575 107.323929     0.0823     0.2777     1.2793   2853.895  0.000e+00
     82.660     4.0718    11.0326     84.373    184.282 107.151670     0.0821     0.2655     1.2793   2853.871  0.000e+00
     82.727     4.0717    11.0261     84.324    184.282 107.151671     0.0821     0.2716     1.3013   2853.871  0.000e+00
     82.804     4.0720    11.0278     84.338    184.380 107.209091     0.0822     0.2655     1.2952   2853.879  0.000e+00
     82.892     4.0721    11.0220     84.293    184.576 107.323932     0.0823     0.2777     1.3062   2853.895  0.000e+00
     82.992     4.0715    11.0244     84.310    184.580 107.323933     0.0823     0.2747     1.3001   2853.895  0.000e+00
     83.100     4.0709    11.0231     84.299    184.584 107.323935     0.0823     0.2625     1.2818   2853.895  0.000e+00
     83.189     4.0708    11.0214     84.286    184.436 107.237805     0.0822     0.2777     1.2854   2853.883  0.000e+00
     83.271     4.0706    11.0224     84.293    184.586 107.323936     0.0823     0.2625     1.2805   2853.895  0.000e+00
     83.335     4.0703    11.0252     84.314    184.439 107.237807     0.0822     0.2594     1.2830   2853.883  0.000e+00
     83.395     4.0695    11.0314     84.359    184.790 107.438779     0.0824     0.2686     1.2805   2853.910  0.000e+00
     83.470     4.0691    11.0344     84.381    184.743 107.410069     0.0824     0.2686     1.2830   2853.906  0.000e+00
     83.559     4.0692    11.0347     84.384    184.595 107.323940     0.0823     0.2777     1.2830   2853.895  0.000e+00
     83.666     4.0692    11.0424     84.443    184.742 107.410071     0.0824     0.2625     1.2793   2853.906  0.000e+00
     83.778     4.0690    11.0469     84.477    184.744 107.410072     0.0824     0.2655     1.3025   2853.906  0.000e+00
     83.883     4.0682    11.0575     84.556    184.749 107.410074     0.0824     0.2686     1.3013   2853.906  0.000e+00
     83.971     4.0683    11.0610     84.584    184.946 107.524916     0.0824     0.2747     1.3001   2853.922  0.000e+00
     84.036     4.0684    11.0645     84.611    185.192 107.668469     0.0826     0.2716     1.3001   2853.941  0.000e+00
     84.083     4.0675    11.0657     84.618    185.198 107.668469     0.0826     0.2808     1.2805   2853.941  0.000e+00
     84.122     4.0667    11.0652     84.612    185.055 107.582339     0.0825     0.2716     1.2805   2853.930  0.000e+00
     84.166     4.0664    11.0611     84.580    185.205 107.668471     0.0826     0.2716     1.2805   2853.941  0.000e+00
     84.232     4.0665    11.0568     84.547    185.204 107.668471     0.0826     0.2686     1.2830   2853.941  0.000e+00
     84.335     4.0664    11.0540     84.525    185.057 107.582341     0.0825     0.2655     1.3001   2853.930  0.000e+00
     84.480     4.0658    11.0483     84.481    185.209 107.668474     0.0826     0.2777     1.3037   2853.941  0.000e+00
     84.634     4.0650    11.0508     84.498    185.362 107.754608     0.0826     0.2686     1.3025   2853.953  0.000e+00
     84.774     4.0649    11.0590     84.561    185.511 107.840741     0.0827     0.2747     1.2976   2853.965  0.000e+00
     84.875     4.0649    11.0636     84.596    185.363 107.754610     0.0826     0.2716     1.3001   2853.953  0.000e+00
     84.934     4.0645    11.0761     84.690    185.217 107.668479     0.0826     0.2594     1.3013   2853.941  0.000e+00
     84.957     4.0637    11.0798     84.717    185.519 107.840744     0.0827     0.2747     1.3037   2853.965  0.000e+00
     84.971     4.0639    11.0937     84.824    185.369 107.754612     0.0826     0.2716     1.2988   2853.953  0.000e+00
     84.998     4.0644    11.0934     84.823    185.366 107.754612     0.0826     0.2564     1.3001   2853.953  0.000e+00
     85.043     4.0655    11.0919     84.813    185.359 107.754612     0.0826     0.2808     1.3013   2853.953  0.000e+00
     85.114     4.0653    11.0876     84.780    185.360 107.754612     0.0826     0.2686     1.3037   2853.953  0.000e+00
     85.224     4.0644    11.0812     84.729    185.218 107.668482     0.0826     0.2655     1.3037   2853.941  0.000e+00
     85.374     4.0641    11.0742     84.675    185.220 107.668484     0.0826     0.2594     1.2830   2853.941  0.000e+00
     85.547     4.0638    11.0638     84.595    185.370 107.754617     0.0826     0.2625     1.2854   2853.953  0.000e+00
     85.699     4.0629    11.0612     84.573    185.523 107.840751     0.0827     0.2625     1.2793   2853.965  0.000e+00
     85.804     4.0621    11.0644     84.596    185.381 107.754621     0.0826     0.2655     1.2805   2853.953  0.000e+00
     85.862     4.0611    11.0667     84.611    185.535 107.840754     0.0827     0.2655     1.2818   2853.965  0.000e+00
     85.878     4.0610    11.0697     84.634    185.536 107.840754     0.0827     0.2655     1.2793   2853.965  0.000e+00
     85.868     4.0617    11.0695     84.634    185.383 107.754621     0.0826     0.2625     1.2830   2853.953  0.000e+00
     85.863     4.0626    11.0584     84.551    185.377 107.754621     0.0826     0.2747     1.2805   2853.953  0.000e+00
     85.895     4.0630    11.0510     84.495    185.523 107.840753     0.0827     0.2686     1.3037   2853.965  0.000e+00
     85.970     4.0635    11.0428     84.433    185.619 107.898176     0.0827     0.2716     1.2952   2853.973  0.000e+00
     86.103     4.0639    11.0335     84.363    185.369 107.754623     0.0826     0.2686     1.3037   2853.953  0.000e+00
     86.266     4.0631    11.0269     84.311    185.671 107.926890     0.0828     0.2655     1.3025   2853.977  0.000e+00
     86.437     4.0618    11.0260     84.301    185.531 107.840759     0.0827     0.2747     1.2805   2853.965  0.000e+00
     86.567     4.0611    11.0215     84.266    185.535 107.840761     0.0827     0.2686     1.2805   2853.965  0.000e+00
     86.648     4.0604    11.0308     84.335    185.836 108.013027     0.0828     0.2716     1.2781   2853.988  0.000e+00
     86.689     4.0604    11.0380     84.390    185.836 108.013028     0.0828     0.2594     1.2793   2853.988  0.000e+00
     86.712     4.0602    11.0413     84.415    185.640 107.898184     0.0828     0.2747     1.3013   2853.973  0.000e+00
     86.732     4.0599    11.0442     84.436    185.840 108.013029     0.0828     0.2716     1.2976   2853.988  0.000e+00
     86.780     4.0610    11.0418     84.421    185.536 107.840763     0.0827     0.2686     1.3001   2853.965  0.000e+00
     86.864     4.0617    11.0428     84.430    185.680 107.926896     0.0828     0.2747     1.3050   2853.977  0.000e+00
     86.972     4.0614    11.0448     84.445    185.682 107.926897     0.0828     0.2655     1.2769   2853.977  0.000e+00
     87.087     4.0603    11.0443     84.438    185.837 108.013032     0.0828     0.2747     1.2781   2853.988  0.000e+00
     87.206     4.0591    11.0455     84.444    185.844 108.013034     0.0828     0.2655     1.2805   2853.988  0.000e+00
     87.319     4.0580    11.0473     84.456    185.802 107.984324     0.0828     0.2686     1.2842   2853.984  0.000e+00
     87.421     4.0579    11.0588     84.544    185.852 108.013036     0.0828     0.2777     1.3001   2853.988  0.000e+00
     87.510     4.0580    11.0584     84.541    186.000 108.099170     0.0829     0.2686     1.2988   2854.000  0.000e+00
     87.585     4.0575    11.0625     84.571    186.003 108.099171     0.0829     0.2686     1.3025   2854.000  0.000e+00
     87.658     4.0569    11.0578     84.534    186.006 108.099172     0.0829     0.2594     1.2976   2854.000  0.000e+00
     87.713     4.0567    11.0528     84.495    185.860 108.013040     0.0829     0.2655     1.2769   2853.988  0.000e+00
     87.745     4.0569    11.0484     84.462    185.908 108.041751     0.0829     0.2686     1.2842   2853.992  0.000e+00
     87.761     4.0572    11.0426     84.418    186.004 108.099173     0.0829     0.2808     1.2805   2854.000  0.000e+00
     87.789     4.0570    11.0409     84.405    186.154 108.185307     0.0830     0.2625     1.2769   2854.012  0.000e+00
     87.851     4.0567    11.0388     84.388    186.156 108.185308     0.0830     0.2686     1.3025   2854.012  0.000e+00
     87.960     4.0570    11.0386     84.387    186.006 108.099175     0.0829     0.2716     1.3013   2854.000  0.000e+00
     88.114     4.0570    11.0390     84.391    186.154 108.185310     0.0830     0.2625     1.2976   2854.012  0.000e+00
     88.275     4.0565    11.0446     84.432    186.158 108.185312     0.0830     0.2686     1.3001   2854.012  0.000e+00
     88.416     4.0556    11.0525     84.490    186.460 108.357582     0.0831     0.2777     1.3037   2854.035  0.000e+00
     88.504     4.0542    11.0571     84.523    186.469 108.357584     0.0831     0.2655     1.2976   2854.035  0.000e+00
     88.537     4.0531    11.0602     84.544    186.475 108.357585     0.0831     0.2655     1.3001   2854.035  0.000e+00
     88.526     4.0532    11.0669     84.595    186.327 108.271450     0.0831     0.2747     1.3025   2854.023  0.000e+00
     88.510     4.0540    11.0729     84.643    186.470 108.357584     0.0831     0.2594     1.2830   2854.035  0.000e+00
     88.511     4.0540    11.0745     84.655    186.569 108.415007     0.0832     0.2747     1.2793   2854.043  0.000e+00
     88.554     4.0547    11.0675     84.603    186.466 108.357584     0.0831     0.2747     1.2805   2854.035  0.000e+00
     88.650     4.0562    11.0650     84.587    186.456 108.357585     0.0831     0.2747     1.2818   2854.035  0.000e+00
     88.794     4.0574    11.0529     84.497    186.547 108.415009     0.0832     0.2655     1.3013   2854.043  0.000e+00
     88.949     4.0562    11.0451     84.435    186.456 108.357588     0.0831     0.2625     1.3025   2854.035  0.000e+00
     89.086     4.0541    11.0373     84.371    186.469 108.357590     0.0831     0.2655     1.3001   2854.035  0.000e+00
     89.186     4.0521    11.0300     84.311    186.729 108.501150     0.0832     0.2686     1.3025   2854.055  0.000e+00
     89.238     4.0515    11.0307     84.315    186.733 108.501150     0.0832     0.2716     1.3001   2854.055  0.000e+00
     89.262     4.0512    11.0336     84.336    186.587 108.415016     0.0832     0.2716     1.3074   2854.043  0.000e+00
     89.294     4.0507    11.0365     84.357    186.590 108.415016     0.0832     0.2716     1.3025   2854.043  0.000e+00
     89.343     4.0505    11.0360     84.353    186.591 108.415017     0.0832     0.2686     1.3001   2854.043  0.000e+00
     89.418     4.0505    11.0362     84.355    186.591 108.415018     0.0832     0.2686     1.3037   2854.043  0.000e+00
     89.516     4.0512    11.0372     84.364    186.587 108.415018     0.0832     0.2655     1.3025   2854.043  0.000e+00
     89.621     4.0513    11.0323     84.326    186.586 108.415019     0.0832     0.2655     1.3013   2854.043  0.000e+00
     89.712     4.0500    11.0294     84.302    187.039 108.673427     0.0834     0.2747     1.3037   2854.078  0.000e+00
