inst/extdata/ctd/2018/more/KL3_27Aug2018006downcast.cnv
* Sea-Bird SBE19plus Data File:
* FileName = C:\Users\FWCP_NRP\Documents\Seabird\Data\Kootenay\2018\KL_27Aug2018\KL_27Aug2018006.hex
* Software Version 1.59
* Temperature SN =  4708
* Conductivity SN =  4708
* System UpLoad Time = Aug 28 2018 14:48:50
* ds
* SeacatPlus V 1.4D  SERIAL NO. 4708    28 Aug 2018  13:35:42
# nquan = 11
# nvalues = 1822                                  
# units = specified
# name 0 = depFM: Depth [fresh water, m]
# name 1 = tv290C: Temperature [ITS-90, deg C]
# name 2 = sbeox0Mg/L: Oxygen, SBE 43 [mg/l]
# name 3 = sbeox0PS: Oxygen, SBE 43 [% saturation]
# name 4 = specc: Specific Conductance [uS/cm]
# name 5 = c0uS/cm: Conductivity [uS/cm]
# name 6 = sal00: Salinity, Practical [PSU]
# name 7 = obsscufa: OBS, Turner SCUFA [NTU]
# name 8 = flScufa: Fluorescence, Turner SCUFA [ug/L]
# name 9 = f1: Frequency 1
# name 10 = flag:  0.000e+00
# span 0 =     -0.653,    121.157                 
# span 1 =     3.9871,    17.7373                 
# span 2 =     6.9857,    11.1520                 
# span 3 =     53.337,    102.825                 
# span 4 =      4.116,    196.327                 
# span 5 =   3.394072, 113.842570                 
# span 6 =     0.0090,     0.0876                 
# span 7 =     0.2502,     2.6001                 
# span 8 =     0.0537,     4.2383                 
# span 9 =   2839.719,   2854.781                 
# span 10 = 0.0000e+00, 0.0000e+00                
# interval = seconds: 0.25
# start_time = Aug 27 2018 16:07:03 [Instrument's time stamp, header]
# bad_flag = -9.990e-29
*END*
[from data line 1050]
     68.201     4.1436    10.9485     83.887    179.493 104.625190     0.0800     0.2655     1.2793   2853.527  0.000e+00
     68.318     4.1426    10.9583     83.960    179.647 104.711310     0.0801     0.2686     1.2769   2853.539  0.000e+00
     68.439     4.1416    10.9739     84.077    179.358 104.539074     0.0800     0.2655     1.2818   2853.516  0.000e+00
     68.562     4.1413    10.9829     84.145    179.212 104.452957     0.0799     0.2716     1.2793   2853.504  0.000e+00
     68.670     4.1408    10.9968     84.252    179.658 104.711314     0.0801     0.2686     1.2818   2853.539  0.000e+00
     68.765     4.1403    11.0061     84.321    179.514 104.625196     0.0800     0.2808     1.2793   2853.527  0.000e+00
     68.837     4.1393    11.0076     84.330    179.520 104.625197     0.0800     0.2716     1.2793   2853.527  0.000e+00
     68.886     4.1394    11.0109     84.356    179.519 104.625198     0.0800     0.2747     1.2818   2853.527  0.000e+00
     68.930     4.1394    11.0112     84.358    179.371 104.539079     0.0800     0.2655     1.2830   2853.516  0.000e+00
     68.965     4.1389    11.0132     84.373    179.818 104.797438     0.0802     0.2625     1.2793   2853.551  0.000e+00
     69.017     4.1388    11.0085     84.336    179.671 104.711319     0.0801     0.2625     1.2793   2853.539  0.000e+00
     69.087     4.1392    11.0101     84.350    179.668 104.711319     0.0801     0.2747     1.2830   2853.539  0.000e+00
     69.186     4.1389    11.0124     84.367    179.818 104.797440     0.0802     0.2686     1.2793   2853.551  0.000e+00
     69.314     4.1381    11.0150     84.385    179.823 104.797441     0.0802     0.2625     1.2866   2853.551  0.000e+00
     69.446     4.1369    11.0208     84.427    179.682 104.711323     0.0801     0.2716     1.2793   2853.539  0.000e+00
     69.558     4.1358    11.0226     84.438    179.985 104.883564     0.0802     0.2808     1.2793   2853.563  0.000e+00
     69.650     4.1344    11.0211     84.423    179.846 104.797446     0.0802     0.2655     1.2793   2853.551  0.000e+00
     69.719     4.1330    11.0234     84.438    180.002 104.883567     0.0802     0.2716     1.2805   2853.563  0.000e+00
     69.773     4.1320    11.0245     84.444    179.959 104.854861     0.0802     0.2777     1.2793   2853.559  0.000e+00
     69.819     4.1322    11.0262     84.458    180.155 104.969688     0.0803     0.2625     1.2781   2853.574  0.000e+00
     69.877     4.1321    11.0257     84.453    180.008 104.883569     0.0802     0.2686     1.2769   2853.563  0.000e+00
     69.952     4.1316    11.0275     84.466    180.010 104.883570     0.0802     0.2808     1.2793   2853.563  0.000e+00
     70.040     4.1312    11.0307     84.490    180.161 104.969691     0.0803     0.2594     1.2793   2853.574  0.000e+00
     70.123     4.1311    11.0289     84.476    180.014 104.883571     0.0802     0.2747     1.2805   2853.563  0.000e+00
     70.215     4.1312    11.0212     84.417    179.865 104.797452     0.0802     0.2686     1.2781   2853.551  0.000e+00
     70.311     4.1307    11.0157     84.373    179.967 104.854867     0.0802     0.2777     1.2793   2853.559  0.000e+00
     70.404     4.1304    11.0108     84.336    180.018 104.883575     0.0802     0.2686     1.2818   2853.563  0.000e+00
     70.502     4.1306    11.0071     84.308    180.165 104.969696     0.0803     0.2625     1.2781   2853.574  0.000e+00
     70.588     4.1306    11.0010     84.261    180.165 104.969696     0.0803     0.2747     1.2781   2853.574  0.000e+00
     70.665     4.1300    11.0011     84.260    180.021 104.883577     0.0802     0.2747     1.2781   2853.563  0.000e+00
     70.737     4.1292    10.9954     84.215    180.173 104.969698     0.0803     0.2686     1.2805   2853.574  0.000e+00
     70.792     4.1291    10.9956     84.217    180.322 105.055820     0.0804     0.2686     1.2830   2853.586  0.000e+00
     70.844     4.1290    10.9911     84.182    180.125 104.940993     0.0803     0.2686     1.2793   2853.570  0.000e+00
     70.902     4.1287    10.9798     84.094    180.029 104.883580     0.0803     0.2564     1.2805   2853.563  0.000e+00
     70.986     4.1279    10.9708     84.024    180.329 105.055822     0.0804     0.2716     1.2805   2853.586  0.000e+00
     71.097     4.1280    10.9599     83.941    180.181 104.969702     0.0803     0.2808     1.2793   2853.574  0.000e+00
     71.219     4.1277    10.9525     83.883    180.330 105.055824     0.0804     0.2655     1.2842   2853.586  0.000e+00
     71.337     4.1271    10.9491     83.856    180.334 105.055826     0.0804     0.2747     1.2805   2853.586  0.000e+00
     71.444     4.1263    10.9475     83.842    180.388 105.084534     0.0804     0.2716     1.2781   2853.590  0.000e+00
     71.540     4.1261    10.9508     83.867    180.340 105.055828     0.0804     0.2686     1.2805   2853.586  0.000e+00
     71.616     4.1257    10.9572     83.914    180.491 105.141950     0.0805     0.2686     1.2805   2853.598  0.000e+00
     71.676     4.1246    10.9640     83.965    180.744 105.285487     0.0806     0.2747     1.2781   2853.617  0.000e+00
     71.730     4.1241    10.9699     84.008    180.501 105.141952     0.0805     0.2686     1.2805   2853.598  0.000e+00
     71.799     4.1243    10.9731     84.033    180.204 104.969711     0.0803     0.2655     1.2818   2853.574  0.000e+00
     71.875     4.1239    10.9735     84.036    180.649 105.228074     0.0805     0.2686     1.2818   2853.609  0.000e+00
     71.972     4.1235    10.9739     84.038    180.504 105.141954     0.0805     0.2686     1.2805   2853.598  0.000e+00
     72.078     4.1231    10.9774     84.064    180.359 105.055834     0.0804     0.2655     1.2805   2853.586  0.000e+00
     72.190     4.1227    10.9721     84.023    180.756 105.285492     0.0806     0.2777     1.2769   2853.617  0.000e+00
     72.295     4.1225    10.9748     84.042    180.658 105.228079     0.0805     0.2777     1.2781   2853.609  0.000e+00
     72.385     4.1214    10.9767     84.055    180.518 105.141959     0.0805     0.2747     1.2781   2853.598  0.000e+00
     72.453     4.1205    10.9860     84.124    180.671 105.228081     0.0805     0.2594     1.2842   2853.609  0.000e+00
     72.503     4.1204    10.9924     84.173    180.770 105.285496     0.0806     0.2686     1.2793   2853.617  0.000e+00
     72.553     4.1205    10.9983     84.218    180.671 105.228082     0.0805     0.2655     1.2830   2853.609  0.000e+00
     72.624     4.1201    11.0013     84.240    180.920 105.371620     0.0807     0.2747     1.2781   2853.629  0.000e+00
     72.709     4.1195    11.0024     84.248    180.924 105.371621     0.0807     0.2777     1.2805   2853.629  0.000e+00
     72.813     4.1192    10.9996     84.225    180.925 105.371622     0.0807     0.2686     1.2842   2853.629  0.000e+00
     72.929     4.1190    10.9946     84.187    180.927 105.371623     0.0807     0.2655     1.2793   2853.629  0.000e+00
     73.026     4.1181    10.9930     84.172    180.784 105.285502     0.0806     0.2716     1.2818   2853.617  0.000e+00
     73.099     4.1170    10.9856     84.113    180.939 105.371625     0.0807     0.2655     1.2854   2853.629  0.000e+00
     73.149     4.1164    10.9866     84.119    181.091 105.457748     0.0807     0.2747     1.2805   2853.641  0.000e+00
     73.191     4.1163    10.9907     84.151    180.943 105.371626     0.0807     0.2686     1.2830   2853.629  0.000e+00
     73.244     4.1163    10.9889     84.137    180.943 105.371627     0.0807     0.2808     1.2744   2853.629  0.000e+00
     73.325     4.1160    10.9877     84.127    181.093 105.457750     0.0807     0.2655     1.2854   2853.641  0.000e+00
     73.415     4.1161    10.9892     84.139    180.796 105.285507     0.0806     0.2655     1.2793   2853.617  0.000e+00
     73.513     4.1163    10.9852     84.108    181.092 105.457752     0.0807     0.2655     1.2793   2853.641  0.000e+00
     73.604     4.1158    10.9773     84.047    180.946 105.371631     0.0807     0.2716     1.2830   2853.629  0.000e+00
     73.687     4.1149    10.9773     84.045    181.248 105.543877     0.0808     0.2655     1.2793   2853.652  0.000e+00
     73.767     4.1146    10.9757     84.033    181.250 105.543878     0.0808     0.2716     1.2793   2853.652  0.000e+00
     73.849     4.1146    10.9750     84.027    181.102 105.457756     0.0807     0.2716     1.2793   2853.641  0.000e+00
     73.939     4.1142    10.9834     84.090    181.252 105.543879     0.0808     0.2625     1.2805   2853.652  0.000e+00
     74.021     4.1136    10.9910     84.148    181.108 105.457758     0.0807     0.2716     1.2805   2853.641  0.000e+00
     74.091     4.1135    10.9924     84.158    180.961 105.371636     0.0807     0.2655     1.2781   2853.629  0.000e+00
     74.148     4.1136    11.0008     84.222    181.256 105.543882     0.0808     0.2747     1.2830   2853.652  0.000e+00
     74.201     4.1133    11.0039     84.245    181.110 105.457760     0.0807     0.2716     1.2793   2853.641  0.000e+00
     74.270     4.1130    11.0042     84.247    181.112 105.457761     0.0807     0.2686     1.2781   2853.641  0.000e+00
     74.353     4.1123    10.9992     84.207    181.264 105.543884     0.0808     0.2747     1.2805   2853.652  0.000e+00
     74.462     4.1124    10.9933     84.162    181.264 105.543885     0.0808     0.2716     1.2805   2853.652  0.000e+00
     74.589     4.1118    10.9883     84.123    181.415 105.630010     0.0809     0.2655     1.2830   2853.664  0.000e+00
     74.720     4.1109    10.9873     84.113    181.865 105.888383     0.0811     0.2686     1.2805   2853.699  0.000e+00
     74.818     4.1095    10.9842     84.086    181.380 105.601305     0.0809     0.2716     1.2805   2853.660  0.000e+00
     74.882     4.1080    10.9844     84.084    181.882 105.888385     0.0811     0.2716     1.2781   2853.699  0.000e+00
     74.926     4.1058    10.9906     84.127    181.748 105.802262     0.0810     0.2808     1.2793   2853.688  0.000e+00
     74.965     4.1039    10.9903     84.120    182.056 105.974512     0.0812     0.2716     1.2854   2853.711  0.000e+00
     75.025     4.1034    10.9974     84.174    181.912 105.888388     0.0811     0.2777     1.2793   2853.699  0.000e+00
     75.111     4.1027    11.0039     84.222    182.064 105.974514     0.0812     0.2655     1.2805   2853.711  0.000e+00
     75.219     4.1005    11.0053     84.227    182.226 106.060640     0.0812     0.2777     1.2830   2853.723  0.000e+00
     75.336     4.0981    11.0059     84.227    182.240 106.060642     0.0812     0.2686     1.2854   2853.723  0.000e+00
     75.449     4.0966    11.0112     84.264    182.398 106.146769     0.0813     0.2686     1.2769   2853.734  0.000e+00
     75.554     4.0947    11.0222     84.344    182.410 106.146771     0.0813     0.2686     1.2818   2853.734  0.000e+00
     75.639     4.0933    11.0279     84.385    182.566 106.232898     0.0814     0.2625     1.2854   2853.746  0.000e+00
     75.700     4.0917    11.0332     84.422    182.576 106.232899     0.0814     0.2625     1.2769   2853.746  0.000e+00
     75.757     4.0912    11.0396     84.470    182.432 106.146774     0.0813     0.2716     1.2842   2853.734  0.000e+00
     75.828     4.0909    11.0421     84.489    182.730 106.319026     0.0815     0.2716     1.2781   2853.758  0.000e+00
     75.906     4.0903    11.0423     84.489    182.437 106.146776     0.0813     0.2747     1.2830   2853.734  0.000e+00
     75.987     4.0893    11.0402     84.470    182.740 106.319028     0.0815     0.2625     1.2769   2853.758  0.000e+00
     76.082     4.0886    11.0359     84.436    182.448 106.146778     0.0813     0.2716     1.2744   2853.734  0.000e+00
     76.186     4.0880    11.0313     84.399    182.748 106.319031     0.0815     0.2808     1.2805   2853.758  0.000e+00
     76.293     4.0877    11.0232     84.336    182.750 106.319032     0.0815     0.2594     1.2976   2853.758  0.000e+00
     76.394     4.0875    11.0246     84.347    182.899 106.405159     0.0815     0.2655     1.2988   2853.770  0.000e+00
     76.475     4.0866    11.0248     84.346    182.855 106.376452     0.0815     0.2747     1.3013   2853.766  0.000e+00
     76.546     4.0868    11.0266     84.361    182.903 106.405161     0.0815     0.2686     1.3001   2853.770  0.000e+00
     76.614     4.0871    11.0304     84.391    182.902 106.405162     0.0815     0.2747     1.2781   2853.770  0.000e+00
     76.683     4.0870    11.0364     84.436    183.050 106.491289     0.0816     0.2625     1.2830   2853.781  0.000e+00
     76.761     4.0867    11.0443     84.496    183.052 106.491290     0.0816     0.2777     1.2842   2853.781  0.000e+00
     76.850     4.0864    11.0486     84.528    182.758 106.319038     0.0815     0.2625     1.2854   2853.758  0.000e+00
     76.940     4.0866    11.0552     84.579    183.053 106.491292     0.0816     0.2777     1.2793   2853.781  0.000e+00
     77.024     4.0866    11.0647     84.652    182.707 106.290331     0.0814     0.2655     1.2805   2853.754  0.000e+00
     77.106     4.0864    11.0628     84.637    182.906 106.405167     0.0815     0.2625     1.2805   2853.770  0.000e+00
     77.193     4.0858    11.0670     84.668    183.058 106.491295     0.0816     0.2747     1.2818   2853.781  0.000e+00
     77.282     4.0858    11.0725     84.710    183.058 106.491295     0.0816     0.2686     1.2830   2853.781  0.000e+00
     77.367     4.0856    11.0797     84.765    183.207 106.577423     0.0817     0.2747     1.2818   2853.793  0.000e+00
     77.453     4.0849    11.0838     84.794    183.360 106.663552     0.0817     0.2747     1.2818   2853.805  0.000e+00
     77.532     4.0842    11.0835     84.790    183.216 106.577425     0.0817     0.2716     1.2842   2853.793  0.000e+00
     77.606     4.0840    11.0788     84.754    183.020 106.462590     0.0816     0.2655     1.2805   2853.777  0.000e+00
     77.679     4.0840    11.0745     84.721    183.069 106.491300     0.0816     0.2747     1.2818   2853.781  0.000e+00
     77.745     4.0836    11.0768     84.738    183.220 106.577428     0.0817     0.2686     1.2830   2853.793  0.000e+00
     77.816     4.0828    11.0713     84.694    183.225 106.577429     0.0817     0.2686     1.2781   2853.793  0.000e+00
     77.899     4.0827    11.0640     84.638    183.078 106.491303     0.0816     0.2808     1.2830   2853.781  0.000e+00
     78.000     4.0824    11.0600     84.606    183.227 106.577431     0.0817     0.2716     1.2769   2853.793  0.000e+00
     78.113     4.0821    11.0588     84.597    183.081 106.491305     0.0816     0.2625     1.2842   2853.781  0.000e+00
     78.222     4.0816    11.0528     84.550    183.381 106.663561     0.0817     0.2747     1.2781   2853.805  0.000e+00
     78.318     4.0813    11.0455     84.493    183.234 106.577434     0.0817     0.2502     1.2805   2853.793  0.000e+00
     78.391     4.0820    11.0420     84.468    183.230 106.577435     0.0817     0.2655     1.2818   2853.793  0.000e+00
     78.448     4.0822    11.0364     84.425    183.525 106.749690     0.0818     0.2777     1.2805   2853.816  0.000e+00
     78.492     4.0819    11.0318     84.390    183.379 106.663563     0.0817     0.2655     1.2805   2853.805  0.000e+00
     78.539     4.0819    11.0271     84.354    183.230 106.577436     0.0817     0.2655     1.2793   2853.793  0.000e+00
     78.611     4.0820    11.0246     84.335    183.230 106.577437     0.0817     0.2716     1.2793   2853.793  0.000e+00
     78.707     4.0825    11.0243     84.334    183.375 106.663565     0.0817     0.2594     1.2854   2853.805  0.000e+00
     78.821     4.0821    11.0276     84.358    183.377 106.663566     0.0817     0.2655     1.2854   2853.805  0.000e+00
     78.943     4.0819    11.0305     84.380    183.379 106.663568     0.0817     0.2777     1.2805   2853.805  0.000e+00
