inst/extdata/bad ctd/2018/AR6_Apr_26_2011.cnv
* Sea-Bird SB	E19plus Data	File:										
* FileName =	C:\Sea-Bird\	2011\kl_al	r_apr_2011	017.hex								
* Software Ve	rsion 1.49											
* Temperature	SN =  4708											
* Conductivit	y SN =  4708											
* System UpLo	ad Time = Ma	y 04 2011	11:24:25									
* ds												
* SeacatPlus	V 1.4D  SERI	AL NO. 470	8    04 Ma	y 2011  10:	54:14:00							
# nquan = 10												
# nvalues = 1	943											
# units = spe	cified											
# name 0 = de	pFM: Depth [	fresh wate	"r, m]"									
# name 1 = tv	290C: Temper	ature [ITS	"-90, deg C"	]								
# name 2 = sb	eox0Mg/L: Ox	"ygen, SBE"	43 [mg/l]									
# name 3 = sb	eox0PS: Oxyg	"en, SBE 43"	[% satura	tion]								
# name 4 = sp	ecc: Specifi	c Conducta	nce [uS/cm	]								
# name 5 = c0	uS/cm: Condu	ctivity [u	S/cm]									
# name 6 = sa	l00: Salinit	y [PSU]										
# name 7 = ob	"sscufa: OBS,"	Turner SC	UFA [NTU]									
# name 8 = fl	Scufa: Fluor	"escence, T"	urner SCUF	A [ug/L]								
# name 9 = fl	ag:  0.000e+	0										
# span 0 =	"0.483,"	152.908										
# span 1 =	"3.7510,"	7.5469										
# span 2 =	"8.39666,"	9.72171										
# span 3 =	"67.19874,"	75.27415										
# span 4 =	"58.220,"	134.34										
# span 5 =  3	"7.899501,  8"	1.120076										
# span 6 =	"0.0272,"	0.0598										
# span 7 =	"0.3082,"	0.7477										
# span 8 =	"0.3296,"	0.8325										
# span 9 = 0.	"0000e+00, 0."	0.00E+00										
# interval =	seconds: 0.2	5										
# start_time	= Apr 26 201	1 16:58:00										
# bad_flag =	-9.99E-29											
*END*												
[from data line 991]
63.103	3.7916	9.54297	72.50933	133.105	76.648709	0.0586	0.3265	0.5786	0.00E+00			
63.19	3.7923	9.53856	72.47716	133.003	76.591378	0.0585	0.3235	0.5811	0.00E+00			
63.279	3.7929	9.53971	72.48702	132.85	76.505382	0.0584	0.3265	0.5859	0.00E+00			
63.371	3.7923	9.53918	72.48191	133.002	76.591379	0.0585	0.3265	0.5652	0.00E+00			
63.471	3.7925	9.54044	72.49187	133.001	76.59138	0.0585	0.3265	0.5615	0.00E+00			
63.577	3.7923	9.5351	72.45087	133.102	76.648712	0.0586	0.3235	0.5628	0.00E+00			
63.678	3.7925	9.53398	72.44284	133.101	76.648713	0.0586	0.3296	0.5615	0.00E+00			
63.779	3.7923	9.53811	72.47382	133.002	76.591382	0.0585	0.3815	0.5628	0.00E+00			
63.876	3.7928	9.53337	72.43874	133.249	76.734711	0.0586	0.3754	0.5628	0.00E+00			
63.966	3.7924	9.53438	72.4456	132.853	76.505387	0.0584	0.3693	0.5628	0.00E+00			
64.057	3.793	9.53551	72.45547	133.099	76.648715	0.0585	0.3754	0.5628	0.00E+00			
64.146	3.794	9.53025	72.41732	132.995	76.591384	0.0585	0.3235	0.5591	0.00E+00			
64.249	3.7945	9.53105	72.42431	132.992	76.591385	0.0585	0.3265	0.5628	0.00E+00			
64.346	3.7947	9.53112	72.42524	132.991	76.591386	0.0585	0.3265	0.5652	0.00E+00			
64.444	3.7955	9.52668	72.39316	133.236	76.734714	0.0586	0.3235	0.5628	0.00E+00			
64.546	3.7966	9.52854	72.40915	133.082	76.648718	0.0585	0.3204	0.5615	0.00E+00			
64.659	3.8001	9.52661	72.40123	133.066	76.648718	0.0585	0.3235	0.5664	0.00E+00			
64.765	3.802	9.52391	72.38423	132.958	76.591387	0.0585	0.3265	0.5591	0.00E+00			
64.867	3.8039	9.5188	72.3492	133.048	76.648718	0.0585	0.3174	0.5628	0.00E+00			
64.966	3.8055	9.51971	72.35915	133.041	76.648719	0.0585	0.3235	0.5615	0.00E+00			
65.065	3.8062	9.51729	72.34209	132.938	76.591388	0.0585	0.3204	0.5591	0.00E+00			
65.166	3.8068	9.51647	72.33706	132.935	76.591389	0.0585	0.3265	0.5591	0.00E+00			
65.257	3.8071	9.51177	72.30192	133.183	76.734717	0.0586	0.3296	0.5652	0.00E+00			
65.342	3.8077	9.51332	72.31473	132.782	76.505393	0.0584	0.3693	0.5591	0.00E+00			
65.434	3.8087	9.51634	72.33963	133.026	76.648721	0.0585	0.3815	0.5652	0.00E+00			
65.53	3.809	9.51244	72.31053	133.323	76.820716	0.0587	0.3784	0.5615	0.00E+00			
65.617	3.8092	9.51249	72.31137	133.024	76.648722	0.0585	0.3723	0.5628	0.00E+00			
65.695	3.809	9.50672	72.26709	133.025	76.648723	0.0585	0.3296	0.5591	0.00E+00			
65.783	3.8095	9.5067	72.26793	133.022	76.648723	0.0585	0.3235	0.5628	0.00E+00			
65.869	3.8096	9.506	72.26275	132.922	76.591393	0.0585	0.3296	0.5652	0.00E+00			
65.965	3.8091	9.50427	72.24866	133.024	76.648725	0.0585	0.3296	0.5628	0.00E+00			
66.061	3.8084	9.50575	72.25858	133.028	76.648726	0.0585	0.3204	0.5591	0.00E+00			
66.164	3.8085	9.50862	72.28058	133.027	76.648726	0.0585	0.3326	0.5664	0.00E+00			
66.267	3.8086	9.50636	72.26355	133.176	76.734724	0.0586	0.3357	0.5628	0.00E+00			
66.364	3.8089	9.50523	72.25548	133.025	76.648728	0.0585	0.3265	0.5628	0.00E+00			
66.458	3.8091	9.5053	72.25638	133.025	76.648728	0.0585	0.3754	0.5591	0.00E+00			
66.547	3.8091	9.50579	72.26023	133.024	76.648729	0.0585	0.3723	0.5591	0.00E+00			
66.644	3.809	9.50238	72.23414	133.174	76.734727	0.0586	0.3754	0.5628	0.00E+00			
66.743	3.8095	9.50001	72.21708	133.172	76.734727	0.0586	0.3754	0.5615	0.00E+00			
66.844	3.8098	9.50244	72.23605	133.021	76.648731	0.0585	0.3235	0.5664	0.00E+00			
66.935	3.8095	9.49632	72.1889	133.023	76.648732	0.0585	0.3296	0.5652	0.00E+00			
67.019	3.8099	9.49869	72.20771	133.17	76.734729	0.0586	0.3174	0.5689	0.00E+00			
67.106	3.8103	9.49633	72.19053	133.019	76.648733	0.0585	0.3296	0.5591	0.00E+00			
67.214	3.8098	9.49658	72.19156	132.922	76.591403	0.0585	0.3357	0.5652	0.00E+00			
67.335	3.8096	9.49402	72.1717	133.171	76.734731	0.0586	0.3204	0.5615	0.00E+00			
67.464	3.8096	9.49418	72.17293	133.022	76.648735	0.0585	0.3296	0.5615	0.00E+00			
67.572	3.8103	9.49219	72.15895	133.019	76.648736	0.0585	0.3265	0.5591	0.00E+00			
67.651	3.8105	9.49143	72.1537	133.167	76.734733	0.0586	0.3235	0.5628	0.00E+00			
67.715	3.8106	9.4903	72.14531	133.018	76.648737	0.0585	0.3265	0.5591	0.00E+00			
67.783	3.8101	9.4838	72.09492	133.169	76.734735	0.0586	0.3235	0.5628	0.00E+00			
67.863	3.81	9.48668	72.1167	133.169	76.734735	0.0586	0.3204	0.5628	0.00E+00			
67.941	3.8103	9.49185	72.15648	133.019	76.648739	0.0585	0.3693	0.5615	0.00E+00			
68.02	3.81	9.49005	72.14221	133.02	76.648739	0.0585	0.3754	0.5628	0.00E+00			
68.115	3.8107	9.48724	72.12211	133.017	76.64874	0.0585	0.3784	0.5628	0.00E+00			
68.226	3.8106	9.48029	72.06913	133.018	76.648741	0.0585	0.3723	0.5628	0.00E+00			
68.36	3.8102	9.4849	72.10343	133.019	76.648742	0.0585	0.3204	0.5615	0.00E+00			
68.495	3.8107	9.48574	72.11072	133.017	76.648743	0.0585	0.3357	0.5615	0.00E+00			
68.614	3.8108	9.48547	72.10885	132.917	76.591412	0.0585	0.3235	0.5628	0.00E+00			
68.701	3.81	9.47865	72.05563	133.02	76.648744	0.0585	0.3296	0.5591	0.00E+00			
68.754	3.8094	9.48241	72.08317	133.321	76.820739	0.0587	0.3296	0.542	0.00E+00			
68.793	3.8094	9.47419	72.02048	133.023	76.648745	0.0585	0.3265	0.5432	0.00E+00			
68.853	3.8095	9.47541	72.03006	133.022	76.648745	0.0585	0.3204	0.5432	0.00E+00			
68.94	3.8088	9.47808	72.04891	132.926	76.591415	0.0585	0.3204	0.542	0.00E+00			
69.05	3.8086	9.47511	72.02593	133.027	76.648747	0.0585	0.3204	0.5628	0.00E+00			
69.165	3.8084	9.47017	71.98799	133.028	76.648748	0.0585	0.3235	0.5615	0.00E+00			
69.29	3.8069	9.48569	72.1033	133.034	76.648749	0.0585	0.3204	0.5628	0.00E+00			
69.415	3.8061	9.47066	71.98738	133.038	76.64875	0.0585	0.3296	0.5628	0.00E+00			
69.55	3.8064	9.46798	71.96764	133.336	76.820745	0.0587	0.3693	0.5628	0.00E+00			
69.66	3.8066	9.46451	71.94166	132.936	76.591421	0.0585	0.3784	0.5566	0.00E+00			
69.728	3.8074	9.46558	71.95132	133.182	76.734749	0.0586	0.3723	0.5628	0.00E+00			
69.774	3.8078	9.46594	71.95476	133.329	76.820747	0.0587	0.3723	0.5628	0.00E+00			
69.809	3.8072	9.46613	71.95509	133.033	76.648753	0.0585	0.3235	0.542	0.00E+00			
69.869	3.8074	9.46498	71.94665	133.033	76.648753	0.0585	0.3265	0.542	0.00E+00			
69.964	3.8067	9.46644	71.95657	133.035	76.648754	0.0585	0.3296	0.5432	0.00E+00			
70.08	3.8067	9.46698	71.96067	133.035	76.648755	0.0585	0.3235	0.5396	0.00E+00			
70.198	3.8074	9.46777	71.96781	133.033	76.648756	0.0585	0.3754	0.5457	0.00E+00			
70.316	3.8074	9.46672	71.95992	133.182	76.734753	0.0586	0.3754	0.5396	0.00E+00			
70.433	3.8069	9.44406	71.78684	133.034	76.648758	0.0585	0.3693	0.5396	0.00E+00			
70.551	3.8058	9.46345	71.93212	133.189	76.734756	0.0586	0.3815	0.5432	0.00E+00			
70.64	3.8057	9.44739	71.80983	133.189	76.734756	0.0586	0.3723	0.542	0.00E+00			
70.705	3.8057	9.46051	71.90957	133.04	76.64876	0.0585	0.3571	0.542	0.00E+00			
70.744	3.8062	9.45885	71.89793	133.187	76.734757	0.0586	0.3754	0.5432	0.00E+00			
70.781	3.8068	9.46231	71.92531	133.184	76.734757	0.0586	0.3693	0.542	0.00E+00			
70.841	3.8064	9.45694	71.88383	133.186	76.734757	0.0586	0.3723	0.6018	0.00E+00			
70.939	3.8067	9.45977	71.90579	133.185	76.734758	0.0586	0.3754	0.6018	0.00E+00			
71.067	3.8059	9.45974	71.904	133.189	76.734759	0.0586	0.3815	0.6043	0.00E+00			
71.206	3.8054	9.45134	71.83925	133.042	76.648763	0.0585	0.3662	0.6018	0.00E+00			
71.338	3.8048	9.45166	71.8405	133.194	76.734761	0.0586	0.3662	0.5371	0.00E+00			
71.453	3.8035	9.44895	71.81757	132.951	76.591435	0.0585	0.3906	0.5396	0.00E+00			
71.551	3.8025	9.4446	71.78245	133.055	76.648767	0.0585	0.3784	0.5469	0.00E+00			
71.648	3.8012	9.44977	71.81942	133.061	76.648768	0.0585	0.3815	0.5432	0.00E+00			
71.721	3.8006	9.44013	71.74501	133.064	76.648768	0.0585	0.3754	0.5432	0.00E+00			
71.782	3.8001	9.4427	71.76361	133.215	76.734766	0.0586	0.3815	0.5396	0.00E+00			
71.831	3.8	9.44083	71.74906	133.067	76.648769	0.0585	0.3876	0.542	0.00E+00			
71.884	3.7993	9.43949	71.73755	133.07	76.64877	0.0585	0.3845	0.542	0.00E+00			
71.961	3.7989	9.43809	71.72627	133.221	76.734767	0.0586	0.3815	0.5396	0.00E+00			
72.066	3.7977	9.44167	71.75129	133.226	76.734768	0.0586	0.3693	0.5432	0.00E+00			
72.189	3.7976	9.44107	71.74645	133.227	76.734769	0.0586	0.3693	0.542	0.00E+00			
72.319	3.7973	9.43695	71.71464	133.228	76.73477	0.0586	0.3754	0.5396	0.00E+00			
72.446	3.7973	9.43711	71.71585	133.378	76.820769	0.0587	0.3815	0.5432	0.00E+00			
72.555	3.797	9.4302	71.66281	133.379	76.820769	0.0587	0.3723	0.5432	0.00E+00			
72.64	3.7972	9.42909	71.6546	133.08	76.648776	0.0585	0.3754	0.5396	0.00E+00			
72.715	3.7976	9.42511	71.62527	133.376	76.82077	0.0587	0.3723	0.5396	0.00E+00			
72.778	3.7972	9.42332	71.61085	133.229	76.734774	0.0586	0.3754	0.5383	0.00E+00			
72.845	3.7974	9.42573	71.6295	133.078	76.648777	0.0585	0.3876	0.5396	0.00E+00			
72.912	3.7973	9.42149	71.59709	133.079	76.648778	0.0585	0.3723	0.5396	0.00E+00			
72.994	3.7978	9.41948	71.58285	133.226	76.734775	0.0586	0.3754	0.5432	0.00E+00			
73.09	3.7984	9.42183	71.60179	133.074	76.648779	0.0585	0.3235	0.5432	0.00E+00			
73.187	3.7983	9.41723	71.56665	132.975	76.591448	0.0585	0.3235	0.5396	0.00E+00			
73.282	3.7983	9.41379	71.54051	133.074	76.64878	0.0585	0.3326	0.5396	0.00E+00			
73.372	3.7981	9.41078	71.51733	133.225	76.734778	0.0586	0.3418	0.5396	0.00E+00			
73.467	3.7979	9.41216	71.52724	133.076	76.648782	0.0585	0.3754	0.5396	0.00E+00			
73.556	3.7978	9.41031	71.51306	133.226	76.734779	0.0586	0.3754	0.542	0.00E+00			
73.633	3.7981	9.40875	71.50177	133.225	76.73478	0.0586	0.3754	0.5383	0.00E+00			
73.697	3.7991	9.40937	71.50839	133.071	76.648783	0.0585	0.3845	0.5396	0.00E+00			
73.761	3.8003	9.40361	71.46693	133.065	76.648783	0.0585	0.3754	0.5432	0.00E+00			
73.856	3.8017	9.4026	71.46182	133.208	76.73478	0.0586	0.3693	0.5432	0.00E+00			
73.983	3.8022	9.40183	71.45701	133.355	76.820778	0.0587	0.3693	0.5432	0.00E+00			
74.121	3.8014	9.40103	71.4493	133.209	76.734782	0.0586	0.3662	0.5432	0.00E+00			
74.244	3.8001	9.40228	71.45647	133.215	76.734784	0.0586	0.3723	0.5432	0.00E+00			
74.347	3.7988	9.39759	71.41838	133.221	76.734785	0.0586	0.3754	0.5396	0.00E+00			
74.428	3.7976	9.39721	71.41314	132.978	76.591457	0.0585	0.3815	0.5432	0.00E+00			
74.503	3.7975	9.39377	71.3868	133.228	76.734786	0.0586	0.3693	0.5432	0.00E+00			
74.572	3.7966	9.39567	71.39947	133.083	76.64879	0.0585	0.3937	0.5396	0.00E+00			
74.641	3.7967	9.39374	71.3851	132.982	76.591459	0.0585	0.3723	0.5432	0.00E+00			
74.705	3.7967	9.39501	71.39472	133.082	76.648791	0.0585	0.3754	0.542	0.00E+00			
74.764	3.7968	9.38795	71.34119	133.082	76.648791	0.0585	0.3754	0.5432	0.00E+00			
74.836	3.7961	9.38859	71.34487	133.383	76.820786	0.0587	0.3815	0.5359	0.00E+00			
74.937	3.796	9.38874	71.34583	133.334	76.792121	0.0586	0.3723	0.5396	0.00E+00			
75.059	3.7959	9.3897	71.35299	133.235	76.73479	0.0586	0.3845	0.5396	0.00E+00			
75.187	3.7967	9.38848	71.34519	133.231	76.734791	0.0586	0.3815	0.5432	0.00E+00			
75.309	3.7961	9.38485	71.31628	133.085	76.648795	0.0585	0.3265	0.5237	0.00E+00			
75.414	3.7966	9.38642	71.32929	133.232	76.734793	0.0586	0.3326	0.52	0.00E+00			
75.499	3.7959	9.38354	71.30605	133.086	76.648797	0.0585	0.3265	0.52	0.00E+00			
75.558	3.7957	9.37852	71.26754	133.236	76.734794	0.0586	0.3265	0.52	0.00E+00			
75.621	3.7964	9.3808	71.28617	133.083	76.648797	0.0585	0.3662	0.52	0.00E+00			
75.691	3.7964	9.38088	71.28683	133.233	76.734795	0.0586	0.3754	0.5151	0.00E+00			
75.769	3.7958	9.37638	71.2515	132.986	76.591468	0.0585	0.3662	0.5176	0.00E+00			
75.867	3.7959	9.38003	71.27947	133.384	76.820794	0.0587	0.3815	0.5237	0.00E+00			
75.977	3.7961	9.37776	71.26248	133.234	76.734797	0.0586	0.3754	0.542	0.00E+00			
76.091	3.7961	9.37949	71.27558	133.234	76.734798	0.0586	0.3815	0.5432	0.00E+00			
76.203	3.7963	9.37483	71.24057	133.233	76.734799	0.0586	0.3845	0.5457	0.00E+00			
76.306	3.7964	9.37138	71.21448	133.083	76.648802	0.0585	0.3693	0.5396	0.00E+00			
76.406	3.797	9.37292	71.22744	133.08	76.648803	0.0585	0.3204	0.5237	0.00E+00			
76.493	3.7998	9.37116	71.21925	133.068	76.648803	0.0585	0.3204	0.52	0.00E+00			
76.575	3.8007	9.36906	71.205	133.063	76.648803	0.0585	0.3357	0.5225	0.00E+00			
76.648	3.8012	9.36743	71.19366	133.21	76.734801	0.0586	0.3174	0.5225	0.00E+00			
76.723	3.801	9.36519	71.17633	133.36	76.820799	0.0587	0.3723	0.5188	0.00E+00			
76.799	3.8007	9.36418	71.16803	133.213	76.734802	0.0586	0.3845	0.5225	0.00E+00			
76.89	3.8007	9.3651	71.1749	133.213	76.734802	0.0586	0.3723	0.5188	0.00E+00			
76.996	3.8005	9.36488	71.17289	133.214	76.734803	0.0586	0.3693	0.5237	0.00E+00			
77.112	3.8006	9.36342	71.16196	133.064	76.648807	0.0585	0.3723	0.5469	0.00E+00			
77.228	3.8007	9.35917	71.12999	133.213	76.734805	0.0586	0.3754	0.5432	0.00E+00			
77.329	3.8004	9.357	71.1129	133.214	76.734806	0.0586	0.3723	0.5396	0.00E+00			
77.418	3.8005	9.35669	71.11074	133.363	76.820804	0.0587	0.3784	0.5396	0.00E+00			
77.501	3.7997	9.36294	71.15661	133.367	76.820804	0.0587	0.3326	0.52	0.00E+00			
77.582	3.7988	9.35573	71.10026	133.072	76.648811	0.0585	0.3235	0.5188	0.00E+00			
77.661	3.799	9.35698	71.11001	133.071	76.648811	0.0585	0.3174	0.5225	0.00E+00			
77.739	3.7986	9.35676	71.10774	133.222	76.734809	0.0586	0.3296	0.5176	0.00E+00			
77.819	3.7987	9.35645	71.10548	133.222	76.73481	0.0586	0.3754	0.5371	0.00E+00			
77.914	3.7999	9.35708	71.1124	132.968	76.591482	0.0585	0.3754	0.5396	0.00E+00			
78.02	3.8001	9.35397	71.08934	133.365	76.820808	0.0587	0.3784	0.542	0.00E+00			
78.132	3.8003	9.35644	71.10843	133.214	76.734812	0.0586	0.3815	0.5432	0.00E+00			
78.244	3.8011	9.35362	71.08844	133.211	76.734812	0.0586	0.3784	0.5432	0.00E+00			
78.345	3.802	9.35116	71.07136	133.356	76.82081	0.0587	0.3784	0.5432	0.00E+00			
78.436	3.8018	9.35449	71.09627	133.059	76.648816	0.0585	0.3754	0.5396	0.00E+00			
78.515	3.8019	9.3498	71.06093	133.207	76.734814	0.0586	0.3784	0.5383	0.00E+00			
78.592	3.8026	9.35368	71.09172	133.353	76.820812	0.0587	0.3815	0.52	0.00E+00			
78.667	3.803	9.34773	71.04733	133.202	76.734815	0.0586	0.3754	0.5188	0.00E+00			
78.757	3.8032	9.34937	71.0602	133.35	76.820813	0.0587	0.3662	0.52	0.00E+00			
78.862	3.8027	9.354	71.09426	133.204	76.734816	0.0586	0.3693	0.52	0.00E+00			
78.956	3.8016	9.34883	71.05305	133.059	76.64882	0.0585	0.3754	0.5432	0.00E+00			
79.039	3.802	9.34885	71.05383	133.057	76.648821	0.0585	0.3723	0.5469	0.00E+00			
79.117	3.8018	9.349	71.05457	133.208	76.734818	0.0586	0.3784	0.5383	0.00E+00			
79.206	3.8015	9.34916	71.05541	133.209	76.734819	0.0586	0.3632	0.5396	0.00E+00			
79.313	3.801	9.35298	71.08347	133.211	76.73482	0.0586	0.3632	0.5176	0.00E+00			
79.431	3.8012	9.34834	71.04849	133.061	76.648824	0.0585	0.3754	0.5225	0.00E+00			
79.535	3.801	9.34852	71.04948	133.211	76.734821	0.0586	0.3723	0.52	0.00E+00			
79.606	3.8004	9.34718	71.03811	133.065	76.648825	0.0585	0.3693	0.52	0.00E+00			
79.65	3.8003	9.3437	71.01147	133.065	76.648825	0.0585	0.3784	0.5225	0.00E+00			
79.697	3.8002	9.34218	70.99988	133.215	76.734823	0.0586	0.3723	0.5188	0.00E+00			
79.788	3.7999	9.34634	71.03081	133.217	76.734824	0.0586	0.3815	0.5261	0.00E+00			
79.917	3.8	9.35003	71.05908	132.967	76.591496	0.0585	0.3693	0.52	0.00E+00			
80.032	3.7987	9.35009	71.05716	133.371	76.820823	0.0587	0.3693	0.5615	0.00E+00			
80.117	3.7982	9.34675	71.03089	133.224	76.734826	0.0586	0.3845	0.5615	0.00E+00			
80.178	3.7979	9.34373	71.00741	133.375	76.820824	0.0587	0.3693	0.5628	0.00E+00			
80.234	3.7979	9.34301	71.00192	133.375	76.820825	0.0587	0.3723	0.5615	0.00E+00			
80.316	3.7977	9.34554	71.02074	133.376	76.820825	0.0587	0.3754	0.5664	0.00E+00			
80.431	3.7971	9.34664	71.02783	133.08	76.648832	0.0585	0.3784	0.5591	0.00E+00			
80.538	3.7975	9.34665	71.02884	133.327	76.792161	0.0586	0.3754	0.5652	0.00E+00			
80.626	3.798	9.33992	70.97854	133.076	76.648833	0.0585	0.3601	0.5628	0.00E+00			
80.693	3.7978	9.3444	71.01225	133.525	76.906826	0.0587	0.3784	0.5225	0.00E+00			
80.755	3.7978	9.33894	70.97073	133.525	76.906826	0.0587	0.3693	0.5225	0.00E+00			
80.839	3.7976	9.34148	70.98956	133.227	76.734832	0.0586	0.3693	0.5237	0.00E+00			
80.956	3.7977	9.34595	71.02374	133.227	76.734833	0.0586	0.3693	0.5225	0.00E+00			
81.082	3.7977	9.34095	70.98583	133.226	76.734833	0.0586	0.3143	0.52	0.00E+00			
