inst/extdata/bad ctd/2018/AR6_Apr_26_2011.cnv
* Sea-Bird SB	E19plus Data	File:										
* FileName =	C:\Sea-Bird\	2011\kl_al	r_apr_2011	017.hex								
* Software Ve	rsion 1.49											
* Temperature	SN =  4708											
* Conductivit	y SN =  4708											
* System UpLo	ad Time = Ma	y 04 2011	11:24:25									
* ds												
* SeacatPlus	V 1.4D  SERI	AL NO. 470	8    04 Ma	y 2011  10:	54:14:00							
# nquan = 10												
# nvalues = 1	943											
# units = spe	cified											
# name 0 = de	pFM: Depth [	fresh wate	"r, m]"									
# name 1 = tv	290C: Temper	ature [ITS	"-90, deg C"	]								
# name 2 = sb	eox0Mg/L: Ox	"ygen, SBE"	43 [mg/l]									
# name 3 = sb	eox0PS: Oxyg	"en, SBE 43"	[% satura	tion]								
# name 4 = sp	ecc: Specifi	c Conducta	nce [uS/cm	]								
# name 5 = c0	uS/cm: Condu	ctivity [u	S/cm]									
# name 6 = sa	l00: Salinit	y [PSU]										
# name 7 = ob	"sscufa: OBS,"	Turner SC	UFA [NTU]									
# name 8 = fl	Scufa: Fluor	"escence, T"	urner SCUF	A [ug/L]								
# name 9 = fl	ag:  0.000e+	0										
# span 0 =	"0.483,"	152.908										
# span 1 =	"3.7510,"	7.5469										
# span 2 =	"8.39666,"	9.72171										
# span 3 =	"67.19874,"	75.27415										
# span 4 =	"58.220,"	134.34										
# span 5 =  3	"7.899501,  8"	1.120076										
# span 6 =	"0.0272,"	0.0598										
# span 7 =	"0.3082,"	0.7477										
# span 8 =	"0.3296,"	0.8325										
# span 9 = 0.	"0000e+00, 0."	0.00E+00										
# interval =	seconds: 0.2	5										
# start_time	= Apr 26 201	1 16:58:00										
# bad_flag =	-9.99E-29											
*END*												
26-Apr-11													
Depth (m)	Temperature (°C)	Oxygen (mg/L)	Oxygen (% sat.)	Spec. Cond. (µs/cm)	Conductivity (µs/cm)	Salinity (PSU)	OBS (NTU)	Fluorescence (µg/L)	flag		Depth (m)	Spec. Cond. (µs/cm)
0.483	7.5469	8.39666	70.19372	58.22	37.899501	0.0272	0.7385	0.8313	0.00E+00			
0.773	6.9408	8.60408	70.86895	123.029	78.596793	0.0561	0.7416	0.8301	0.00E+00			
0.907	6.262	8.82853	71.49217	128.544	80.374449	0.0582	0.7263	0.8325	0.00E+00			
0.976	5.911	8.95624	71.88563	129.725	80.20252	0.0585	0.7385	0.8301	0.00E+00			
0.999	5.7036	9.03714	72.15368	130.602	80.202574	0.0588	0.7446	0.8325	0.00E+00			
1.007	5.5663	9.08753	72.30256	131.048	80.1166	0.0589	0.7385	0.8252	0.00E+00			
1.016	5.474	9.12511	72.43061	131.445	80.116624	0.059	0.7355	0.8325	0.00E+00			
1.04	5.4196	9.15062	72.53202	131.68	80.116638	0.0591	0.7416	0.8313	0.00E+00			
1.141	5.3887	9.17565	72.67286	131.531	79.944628	0.059	0.7416	0.8289	0.00E+00			
1.277	5.3639	9.19365	72.7694	131.922	80.116655	0.0592	0.7446	0.8276	0.00E+00			
1.305	5.3424	9.24466	73.13274	132.157	80.202671	0.0593	0.7263	0.8301	0.00E+00			
1.289	5.3825	9.23927	73.16532	132.407	80.460693	0.0594	0.7477	0.8289	0.00E+00			
1.316	5.4349	9.23405	73.22213	132.321	80.546691	0.0594	0.3754	0.3565	0.00E+00			
1.326	5.4654	9.23471	73.28472	132.423	80.690036	0.0595	0.3723	0.3577	0.00E+00			
1.327	5.4898	9.23722	73.35021	132.317	80.69003	0.0594	0.3723	0.3565	0.00E+00			
1.328	5.5092	9.24125	73.41866	132.233	80.690025	0.0594	0.3693	0.354	0.00E+00			
1.334	5.5201	9.24319	73.45444	132.186	80.690022	0.0594	0.3815	0.3333	0.00E+00			
1.354	5.5166	9.25865	73.5707	132.06	80.604011	0.0593	0.3723	0.3357	0.00E+00			
1.368	5.4819	9.27701	73.65119	131.976	80.460667	0.0593	0.3693	0.3333	0.00E+00			
1.367	5.4473	9.29009	73.68986	131.984	80.374665	0.0593	0.3693	0.3333	0.00E+00			
1.363	5.4194	9.30047	73.71958	132.105	80.374672	0.0593	0.3723	0.3345	0.00E+00			
1.364	5.3959	9.27865	73.50234	131.783	80.116647	0.0591	0.3754	0.3357	0.00E+00			
1.375	5.3757	9.28196	73.49054	131.87	80.116652	0.0592	0.3815	0.3345	0.00E+00			
1.38	5.3601	9.29283	73.54714	131.939	80.116656	0.0592	0.3693	0.332	0.00E+00			
1.37	5.3494	9.30815	73.64823	132.127	80.202669	0.0593	0.3754	0.3381	0.00E+00			
1.327	5.346	9.32356	73.76387	132.897	80.661397	0.0596	0.3723	0.3369	0.00E+00			
1.279	5.3475	9.33256	73.83781	132.418	80.374691	0.0594	0.3754	0.3381	0.00E+00			
1.267	5.3495	9.33922	73.89423	132.268	80.288679	0.0593	0.3632	0.3357	0.00E+00			
1.254	5.3431	9.37194	74.14111	132.437	80.374692	0.0594	0.3784	0.3333	0.00E+00			
1.182	5.3405	9.39955	74.35468	133.11	80.776081	0.0597	0.3693	0.3369	0.00E+00			
1.048	5.3482	9.41633	74.50216	133.077	80.776078	0.0597	0.3693	0.3308	0.00E+00			
0.922	5.3977	9.40876	74.53663	132.482	80.546698	0.0595	0.3723	0.3345	0.00E+00			
0.856	5.4535	9.39641	74.5449	131.44	80.059288	0.059	0.3815	0.3369	0.00E+00			
0.852	5.4402	9.38759	74.44963	131.308	79.944612	0.0589	0.3693	0.3345	0.00E+00			
0.868	5.3995	9.40075	74.47657	132.192	80.374674	0.0593	0.3784	0.3345	0.00E+00			
0.889	5.3735	9.42658	74.63152	132.446	80.460692	0.0594	0.3754	0.3333	0.00E+00			
0.916	5.3761	9.44403	74.77463	132.954	80.776069	0.0597	0.3784	0.3308	0.00E+00			
0.934	5.4231	9.43381	74.78374	132.513	80.632703	0.0595	0.3693	0.3345	0.00E+00			
0.938	5.4606	9.43041	74.82841	132.068	80.46067	0.0593	0.3662	0.332	0.00E+00			
0.93	5.4744	9.43007	74.85214	132.149	80.546678	0.0593	0.3876	0.3381	0.00E+00			
0.91	5.4768	9.43621	74.90552	132.468	80.747372	0.0595	0.3754	0.3357	0.00E+00			
0.868	5.4805	9.44687	74.99735	132.64	80.862054	0.0596	0.3845	0.3345	0.00E+00			
0.843	5.4837	9.43522	74.9108	132.109	80.546674	0.0593	0.3906	0.3357	0.00E+00			
0.889	5.4726	9.4376	74.90828	131.451	80.116623	0.059	0.3662	0.3369	0.00E+00			
1.007	5.4327	9.45038	74.93326	131.341	79.944615	0.059	0.3723	0.3345	0.00E+00			
1.138	5.3998	9.46189	74.96134	132.191	80.374676	0.0593	0.3754	0.3357	0.00E+00			
1.225	5.3841	9.47029	74.99791	132.542	80.546703	0.0595	0.3784	0.3345	0.00E+00			
1.29	5.4074	9.47074	75.04617	132.393	80.518027	0.0594	0.3662	0.3333	0.00E+00			
1.376	5.4838	9.48086	75.27321	131.967	80.460667	0.0593	0.3632	0.3345	0.00E+00			
1.419	5.5293	9.4639	75.22602	132.052	80.632679	0.0593	0.3754	0.3357	0.00E+00			
1.434	5.5457	9.45771	75.20832	131.7	80.460651	0.0592	0.3754	0.3381	0.00E+00			
1.442	5.547	9.44731	75.12804	131.413	80.288629	0.0591	0.3693	0.3345	0.00E+00			
1.44	5.5099	9.45288	75.10123	131.713	80.374649	0.0592	0.3784	0.3369	0.00E+00			
1.443	5.46	9.46834	75.12805	131.788	80.288652	0.0592	0.3723	0.3333	0.00E+00			
1.447	5.4215	9.48253	75.16678	132.237	80.460684	0.0594	0.3662	0.3333	0.00E+00			
1.444	5.3996	9.48409	75.13699	132.05	80.288667	0.0593	0.3632	0.3357	0.00E+00			
1.442	5.3814	9.48815	75.13399	132.271	80.374683	0.0593	0.3723	0.3333	0.00E+00			
1.45	5.3653	9.49507	75.15789	132.341	80.374687	0.0594	0.3723	0.3381	0.00E+00			
1.461	5.3583	9.50429	75.21752	132.796	80.632724	0.0596	0.3754	0.3394	0.00E+00			
1.469	5.3582	9.50735	75.2414	132.891	80.690066	0.0596	0.3693	0.332	0.00E+00			
1.471	5.3538	9.50993	75.25333	132.816	80.632725	0.0596	0.3632	0.3552	0.00E+00			
1.47	5.3482	9.51392	75.27415	132.557	80.460703	0.0595	0.3662	0.3565	0.00E+00			
1.471	5.3397	9.513	75.25035	132.311	80.288683	0.0593	0.3754	0.3552	0.00E+00			
1.474	5.3275	9.51522	75.24443	132.222	80.202676	0.0593	0.3723	0.3589	0.00E+00			
1.478	5.3146	9.51913	75.25042	132.136	80.116669	0.0592	0.3693	0.3577	0.00E+00			
1.482	5.3055	9.51874	75.22963	131.893	79.944652	0.0591	0.3723	0.3552	0.00E+00			
1.491	5.301	9.51683	75.2059	131.77	79.858644	0.0591	0.3754	0.3565	0.00E+00			
1.494	5.3009	9.5225	75.25058	131.912	79.944653	0.0591	0.3876	0.354	0.00E+00			
1.496	5.3002	9.51666	75.20298	131.916	79.944654	0.0591	0.3723	0.332	0.00E+00			
1.495	5.298	9.5168	75.2	131.925	79.944654	0.0591	0.3784	0.3345	0.00E+00			
1.496	5.2947	9.51611	75.1881	131.987	79.973325	0.0592	0.3693	0.3357	0.00E+00			
1.502	5.2905	9.51677	75.18518	131.958	79.944656	0.0591	0.3723	0.332	0.00E+00			
1.514	5.2878	9.51782	75.18828	131.97	79.944657	0.0591	0.3754	0.3345	0.00E+00			
1.519	5.287	9.51388	75.15559	131.973	79.944657	0.0591	0.3693	0.3345	0.00E+00			
1.512	5.2905	9.51073	75.13767	132.383	80.202686	0.0593	0.3815	0.3296	0.00E+00			
1.497	5.3007	9.5071	75.12859	132.623	80.374704	0.0595	0.3693	0.3357	0.00E+00			
1.483	5.3062	9.50011	75.08381	132.031	80.030661	0.0592	0.3693	0.354	0.00E+00			
1.485	5.3044	9.49716	75.05705	131.945	79.973322	0.0591	0.3693	0.3565	0.00E+00			
1.503	5.2982	9.49644	75.03936	132.066	80.030664	0.0592	0.3784	0.3552	0.00E+00			
1.514	5.2951	9.49756	75.04245	132.221	80.116674	0.0593	0.3723	0.3565	0.00E+00			
1.524	5.3005	9.49891	75.06339	132.34	80.202683	0.0593	0.3723	0.3565	0.00E+00			
1.53	5.3087	9.50216	75.10511	132.73	80.460714	0.0595	0.3693	0.3601	0.00E+00			
1.541	5.311	9.49974	75.09033	132.72	80.460713	0.0595	0.3662	0.3565	0.00E+00			
1.553	5.3119	9.50067	75.09938	132.716	80.460713	0.0595	0.3723	0.3565	0.00E+00			
1.55	5.3127	9.50085	75.10234	132.712	80.460713	0.0595	0.3754	0.3552	0.00E+00			
1.537	5.313	9.50114	75.10518	132.806	80.518054	0.0595	0.3754	0.3552	0.00E+00			
1.522	5.3139	9.49713	75.07527	132.707	80.460712	0.0595	0.3754	0.3565	0.00E+00			
1.519	5.3161	9.49773	75.08417	132.414	80.28869	0.0594	0.3723	0.3528	0.00E+00			
1.522	5.3166	9.49422	75.05741	132.27	80.202679	0.0593	0.3723	0.3516	0.00E+00			
1.524	5.3172	9.4918	75.03958	132.55	80.3747	0.0594	0.3754	0.3577	0.00E+00			
1.533	5.3194	9.49243	75.04859	132.541	80.3747	0.0594	0.3723	0.3552	0.00E+00			
1.541	5.3249	9.48808	75.02486	132.517	80.374698	0.0594	0.3815	0.3528	0.00E+00			
1.553	5.3321	9.48748	75.03391	132.58	80.432037	0.0595	0.3723	0.3357	0.00E+00			
1.565	5.3393	9.48121	74.99831	132.974	80.690071	0.0596	0.3815	0.332	0.00E+00			
1.566	5.3439	9.47973	74.99535	132.859	80.632729	0.0596	0.3845	0.3357	0.00E+00			
1.558	5.3433	9.47797	74.98039	132.862	80.632729	0.0596	0.3632	0.3357	0.00E+00			
1.535	5.341	9.47548	74.95635	133.25	80.862096	0.0598	0.3662	0.3333	0.00E+00			
1.516	5.3408	9.47101	74.92045	132.731	80.546717	0.0595	0.3662	0.3345	0.00E+00			
1.516	5.3426	9.46643	74.88771	132.439	80.374694	0.0594	0.3784	0.3357	0.00E+00			
1.531	5.3407	9.46391	74.86405	132.164	80.202673	0.0593	0.3784	0.3345	0.00E+00			
1.558	5.3345	9.46432	74.85539	132.475	80.374696	0.0594	0.3754	0.3345	0.00E+00			
1.584	5.3401	9.45923	74.82589	132.876	80.63273	0.0596	0.3723	0.3345	0.00E+00			
1.602	5.3505	9.45972	74.84987	133.208	80.862094	0.0598	0.3693	0.3308	0.00E+00			
1.608	5.3655	9.45309	74.82613	133.284	80.948103	0.0598	0.3723	0.3369	0.00E+00			
1.607	5.4043	9.44258	74.81719	132.973	80.86208	0.0597	0.3784	0.3333	0.00E+00			
1.599	5.439	9.43118	74.7933	132.679	80.776058	0.0596	0.3754	0.3308	0.00E+00			
1.583	5.4633	9.4208	74.75743	132.715	80.862064	0.0596	0.3723	0.3369	0.00E+00			
1.563	5.4785	9.41487	74.73938	132.319	80.661364	0.0594	0.3723	0.3394	0.00E+00			
1.548	5.488	9.40808	74.70351	132.231	80.632691	0.0594	0.3815	0.3345	0.00E+00			
1.548	5.4913	9.40241	74.66482	132.076	80.546678	0.0593	0.3754	0.3357	0.00E+00			
1.561	5.4788	9.39869	74.61138	132.13	80.546681	0.0593	0.3662	0.3357	0.00E+00			
1.583	5.4695	9.40169	74.61755	132.311	80.632696	0.0594	0.3815	0.3369	0.00E+00			
1.604	5.4723	9.40178	74.62371	132.534	80.776049	0.0595	0.3265	0.3357	0.00E+00			
1.621	5.4744	9.39979	74.61197	132.807	80.948075	0.0596	0.3265	0.3357	0.00E+00			
1.637	5.4779	9.39299	74.56452	132.604	80.83339	0.0596	0.3235	0.332	0.00E+00			
1.652	5.4949	9.38854	74.56168	132.718	80.94807	0.0596	0.3204	0.3333	0.00E+00			
1.656	5.5082	9.38163	74.53196	132.52	80.862053	0.0595	0.3174	0.3333	0.00E+00			
1.649	5.5192	9.37372	74.49023	132.472	80.86205	0.0595	0.3174	0.3345	0.00E+00			
1.639	5.5294	9.36753	74.46036	132.286	80.776034	0.0594	0.3143	0.3369	0.00E+00			
1.632	5.5368	9.36427	74.44839	132.114	80.69002	0.0594	0.3296	0.3308	0.00E+00			
1.628	5.5398	9.35981	74.41859	132.101	80.690019	0.0594	0.3632	0.3357	0.00E+00			
1.635	5.543	9.35231	74.36509	131.852	80.546665	0.0593	0.3754	0.3369	0.00E+00			
1.649	5.5466	9.34998	74.35333	131.79	80.517994	0.0592	0.3754	0.3357	0.00E+00			
1.668	5.5396	9.35279	74.36244	132.008	80.632678	0.0593	0.3815	0.3381	0.00E+00			
1.684	5.5361	9.3469	74.30903	132.398	80.862046	0.0595	0.3754	0.3333	0.00E+00			
1.694	5.5391	9.34694	74.31507	132.526	80.948058	0.0596	0.3754	0.3369	0.00E+00			
1.692	5.5444	9.34081	74.27636	132.362	80.862044	0.0595	0.3632	0.3345	0.00E+00			
1.68	5.5595	9.33644	74.27029	132.297	80.86204	0.0595	0.3662	0.3357	0.00E+00			
1.659	5.5744	9.32465	74.20462	132.092	80.776023	0.0594	0.3296	0.3357	0.00E+00			
1.632	5.5819	9.3217	74.19542	132.153	80.833362	0.0594	0.3265	0.3345	0.00E+00			
1.606	5.5879	9.30903	74.10588	132.174	80.862032	0.0594	0.3143	0.3381	0.00E+00			
1.585	5.5949	9.31109	74.13544	132.003	80.776017	0.0594	0.3174	0.3333	0.00E+00			
1.57	5.5982	9.30132	74.06386	131.849	80.690003	0.0593	0.3815	0.332	0.00E+00			
1.571	5.5971	9.29933	74.04602	131.759	80.632662	0.0593	0.3754	0.3357	0.00E+00			
1.583	5.586	9.29712	74.00744	131.807	80.632665	0.0593	0.3693	0.3357	0.00E+00			
1.606	5.569	9.30117	74.00767	132.115	80.776024	0.0594	0.3754	0.3296	0.00E+00			
1.624	5.5612	9.30043	73.98701	132.149	80.776026	0.0594	0.3754	0.3394	0.00E+00			
1.63	5.5627	9.30231	74.00492	132.33	80.890709	0.0595	0.3723	0.3357	0.00E+00			
1.621	5.5753	9.29482	73.96913	132.65	81.120076	0.0596	0.3571	0.3369	0.00E+00			
1.608	5.6054	9.28208	73.92436	132.239	80.94804	0.0595	0.3662	0.3369	0.00E+00			
1.591	5.6337	9.27276	73.90335	131.836	80.776007	0.0593	0.3754	0.3357	0.00E+00			
1.581	5.6506	9.2609	73.84076	131.763	80.776002	0.0593	0.3723	0.3345	0.00E+00			
1.571	5.6571	9.25414	73.799	131.595	80.689988	0.0592	0.3815	0.3381	0.00E+00			
1.572	5.6591	9.25107	73.77817	131.353	80.546634	0.0591	0.3815	0.3345	0.00E+00			
1.586	5.6547	9.24652	73.73367	131.465	80.603977	0.0592	0.3723	0.3369	0.00E+00			
1.607	5.6466	9.25068	73.75173	131.78	80.776003	0.0593	0.3723	0.3357	0.00E+00			
1.626	5.648	9.24963	73.74596	131.774	80.776003	0.0593	0.3754	0.3369	0.00E+00			
1.633	5.6473	9.24607	73.71627	132.058	80.948029	0.0594	0.3571	0.3345	0.00E+00			
1.631	5.6473	9.24643	73.71922	132.058	80.948029	0.0594	0.3784	0.3357	0.00E+00			
1.616	5.6604	9.23624	73.66253	132.002	80.948026	0.0594	0.3784	0.3345	0.00E+00			
1.606	5.6723	9.22895	73.62672	131.95	80.948023	0.0594	0.3754	0.3381	0.00E+00			
1.594	5.6797	9.22088	73.57601	131.405	80.632641	0.0591	0.3693	0.3369	0.00E+00			
1.584	5.6815	9.21408	73.52532	131.584	80.747323	0.0592	0.3265	0.3369	0.00E+00			
1.583	5.681	9.21161	73.50448	131.633	80.775994	0.0592	0.3296	0.3381	0.00E+00			
1.59	5.6813	9.20893	73.48371	131.631	80.775994	0.0592	0.3326	0.332	0.00E+00			
1.601	5.6841	9.20418	73.45108	131.76	80.862006	0.0593	0.3326	0.332	0.00E+00			
1.617	5.6873	9.20084	73.4304	131.746	80.862006	0.0593	0.3723	0.3552	0.00E+00			
1.628	5.6864	9.19844	73.40967	131.75	80.862006	0.0593	0.3815	0.3528	0.00E+00			
1.629	5.6808	9.19603	73.37992	131.774	80.862007	0.0593	0.3723	0.354	0.00E+00			
1.623	5.6774	9.19608	73.37392	131.835	80.890679	0.0593	0.3662	0.3528	0.00E+00			
1.61	5.6797	9.19215	73.34701	131.918	80.948021	0.0594	0.3693	0.3357	0.00E+00			
1.598	5.6848	9.1861	73.3082	131.756	80.862006	0.0593	0.3784	0.3308	0.00E+00			
1.592	5.6866	9.17896	73.25457	131.609	80.775993	0.0592	0.3723	0.3333	0.00E+00			
1.592	5.6833	9.17938	73.25159	131.623	80.775994	0.0592	0.3754	0.3357	0.00E+00			
1.593	5.6814	9.17308	73.19803	131.911	80.94802	0.0594	0.3296	0.3357	0.00E+00			
1.596	5.6843	9.17503	73.21889	131.899	80.948019	0.0594	0.3204	0.3357	0.00E+00			
1.606	5.6868	9.17407	73.21601	131.888	80.948019	0.0594	0.3235	0.3345	0.00E+00			
1.613	5.6874	9.1732	73.21012	131.792	80.890677	0.0593	0.3296	0.332	0.00E+00			
1.617	5.6854	9.1651	73.14171	132.034	81.034033	0.0594	0.3693	0.3345	0.00E+00			
1.621	5.6846	9.16716	73.15664	131.898	80.94802	0.0594	0.3815	0.3381	0.00E+00			
1.62	5.6849	9.17269	73.20127	131.756	80.862006	0.0593	0.3754	0.3381	0.00E+00			
1.617	5.6868	9.16403	73.13576	131.888	80.948019	0.0594	0.3784	0.3333	0.00E+00			
1.609	5.6886	9.15801	73.09105	131.88	80.948018	0.0594	0.3754	0.3345	0.00E+00			
1.602	5.6912	9.15813	73.09693	132.009	81.034031	0.0594	0.3723	0.3345	0.00E+00			
1.595	5.6938	9.15752	73.09686	131.671	80.833333	0.0593	0.3845	0.3296	0.00E+00			
1.597	5.6957	9.15485	73.07903	131.57	80.77599	0.0592	0.3723	0.3345	0.00E+00			
1.605	5.6953	9.15084	73.04636	131.851	80.948017	0.0594	0.3723	0.3333	0.00E+00			
1.612	5.6946	9.14953	73.03452	131.714	80.862004	0.0593	0.3723	0.3369	0.00E+00			
1.615	5.6959	9.14551	73.00479	131.849	80.948017	0.0594	0.3693	0.3308	0.00E+00			
1.616	5.6967	9.14979	73.04052	131.705	80.862003	0.0593	0.3815	0.3394	0.00E+00			
1.617	5.6964	9.14724	73.01969	131.706	80.862003	0.0593	0.3845	0.3394	0.00E+00			
1.619	5.6972	9.14034	72.96614	131.703	80.862003	0.0593	0.3754	0.3333	0.00E+00			
1.621	5.6999	9.13861	72.95724	131.738	80.890673	0.0593	0.3693	0.3381	0.00E+00			
1.616	5.7006	9.13583	72.93635	131.829	80.948015	0.0593	0.3662	0.3357	0.00E+00			
1.607	5.7045	9.13305	72.92139	131.672	80.862001	0.0593	0.3693	0.3369	0.00E+00			
1.603	5.7092	9.12487	72.8648	131.652	80.862	0.0593	0.3754	0.3369	0.00E+00			
1.607	5.711	9.12298	72.85294	131.504	80.775987	0.0592	0.3754	0.3333	0.00E+00			
1.62	5.7084	9.12209	72.84116	131.655	80.862	0.0593	0.3845	0.332	0.00E+00			
1.634	5.7042	9.12159	72.82939	131.673	80.862001	0.0593	0.3662	0.3308	0.00E+00			
1.638	5.7052	9.11914	72.81156	131.996	81.062699	0.0594	0.3723	0.3357	0.00E+00			
1.64	5.7061	9.11855	72.80861	131.805	80.948014	0.0593	0.3693	0.3394	0.00E+00			
1.637	5.7083	9.11505	72.78477	131.796	80.948013	0.0593	0.3723	0.3333	0.00E+00			
1.625	5.7166	9.11162	72.77275	131.9	81.034025	0.0594	0.3662	0.3333	0.00E+00			
1.603	5.724	9.10429	72.7279	131.588	80.861996	0.0593	0.3815	0.3345	0.00E+00			
1.578	5.7285	9.09987	72.70087	131.709	80.948008	0.0593	0.3693	0.3333	0.00E+00			
1.564	5.7305	9.09194	72.64121	131.42	80.775981	0.0592	0.3754	0.3345	0.00E+00			
