inst/extdata/bad ctd/2018/AR6_Apr_26_2011.cnv
* Sea-Bird SB	E19plus Data	File:										
* FileName =	C:\Sea-Bird\	2011\kl_al	r_apr_2011	017.hex								
* Software Ve	rsion 1.49											
* Temperature	SN =  4708											
* Conductivit	y SN =  4708											
* System UpLo	ad Time = Ma	y 04 2011	11:24:25									
* ds												
* SeacatPlus	V 1.4D  SERI	AL NO. 470	8    04 Ma	y 2011  10:	54:14:00							
# nquan = 10												
# nvalues = 1	943											
# units = spe	cified											
# name 0 = de	pFM: Depth [	fresh wate	"r, m]"									
# name 1 = tv	290C: Temper	ature [ITS	"-90, deg C"	]								
# name 2 = sb	eox0Mg/L: Ox	"ygen, SBE"	43 [mg/l]									
# name 3 = sb	eox0PS: Oxyg	"en, SBE 43"	[% satura	tion]								
# name 4 = sp	ecc: Specifi	c Conducta	nce [uS/cm	]								
# name 5 = c0	uS/cm: Condu	ctivity [u	S/cm]									
# name 6 = sa	l00: Salinit	y [PSU]										
# name 7 = ob	"sscufa: OBS,"	Turner SC	UFA [NTU]									
# name 8 = fl	Scufa: Fluor	"escence, T"	urner SCUF	A [ug/L]								
# name 9 = fl	ag:  0.000e+	0										
# span 0 =	"0.483,"	152.908										
# span 1 =	"3.7510,"	7.5469										
# span 2 =	"8.39666,"	9.72171										
# span 3 =	"67.19874,"	75.27415										
# span 4 =	"58.220,"	134.34										
# span 5 =  3	"7.899501,  8"	1.120076										
# span 6 =	"0.0272,"	0.0598										
# span 7 =	"0.3082,"	0.7477										
# span 8 =	"0.3296,"	0.8325										
# span 9 = 0.	"0000e+00, 0."	0.00E+00										
# interval =	seconds: 0.2	5										
# start_time	= Apr 26 201	1 16:58:00										
# bad_flag =	-9.99E-29											
*END*												
[from data line 1188]
81.299	3.7975	9.33495	70.93975	133.228	76.734835	0.0586	0.3235	0.5176	0.00E+00			
81.377	3.7975	9.3378	70.96153	133.227	76.734836	0.0586	0.3174	0.5225	0.00E+00			
81.449	3.7968	9.33134	70.91108	133.081	76.648839	0.0585	0.3693	0.52	0.00E+00			
81.536	3.7971	9.33534	70.94198	133.23	76.734837	0.0586	0.3784	0.52	0.00E+00			
81.621	3.797	9.3315	70.9127	133.23	76.734837	0.0586	0.3723	0.5188	0.00E+00			
81.719	3.797	9.33202	70.91662	133.379	76.820836	0.0587	0.3723	0.52	0.00E+00			
81.802	3.7977	9.33196	70.9174	133.077	76.648842	0.0585	0.3845	0.5225	0.00E+00			
81.879	3.7976	9.32573	70.87	133.227	76.734839	0.0586	0.3784	0.52	0.00E+00			
81.963	3.7974	9.3255	70.86777	133.228	76.73484	0.0586	0.3632	0.5176	0.00E+00			
82.061	3.7979	9.32351	70.85365	133.375	76.820838	0.0587	0.3723	0.52	0.00E+00			
82.161	3.7981	9.32597	70.87264	133.076	76.648844	0.0585	0.3693	0.542	0.00E+00			
82.261	3.7984	9.32165	70.84049	133.223	76.734842	0.0586	0.3876	0.5396	0.00E+00			
82.342	3.7985	9.32015	70.82922	133.223	76.734842	0.0586	0.3754	0.542	0.00E+00			
82.41	3.7982	9.31634	70.79977	133.523	76.906838	0.0587	0.3845	0.5396	0.00E+00			
82.478	3.7985	9.31476	70.78838	133.223	76.734843	0.0586	0.3754	0.5176	0.00E+00			
82.567	3.7984	9.31491	70.78921	133.223	76.734844	0.0586	0.3723	0.52	0.00E+00			
82.666	3.7971	9.31337	70.7751	133.379	76.820842	0.0587	0.3693	0.5151	0.00E+00			
82.771	3.7972	9.31546	70.79113	133.378	76.820843	0.0587	0.3784	0.52	0.00E+00			
82.865	3.7972	9.31122	70.75891	133.378	76.820844	0.0587	0.3815	0.52	0.00E+00			
82.947	3.7976	9.30727	70.7296	133.227	76.734847	0.0586	0.3754	0.52	0.00E+00			
83.032	3.7972	9.30589	70.71836	133.229	76.734848	0.0586	0.3723	0.5237	0.00E+00			
83.132	3.7974	9.30358	70.70125	133.377	76.820846	0.0587	0.3754	0.52	0.00E+00			
83.251	3.7973	9.30968	70.74749	133.228	76.734849	0.0586	0.3754	0.5396	0.00E+00			
83.354	3.7972	9.30074	70.67926	133.378	76.820847	0.0587	0.3693	0.5396	0.00E+00			
83.436	3.7963	9.30027	70.674	133.084	76.648854	0.0585	0.3693	0.5432	0.00E+00			
83.497	3.7958	9.29888	70.66254	133.235	76.734851	0.0586	0.3723	0.542	0.00E+00			
83.562	3.7964	9.29684	70.64811	133.382	76.820849	0.0587	0.3815	0.5188	0.00E+00			
83.659	3.7957	9.30107	70.6791	133.086	76.648855	0.0585	0.3754	0.5237	0.00E+00			
83.764	3.7954	9.3005	70.67407	133.237	76.734853	0.0586	0.3754	0.5237	0.00E+00			
83.872	3.795	9.29755	70.65101	133.239	76.734854	0.0586	0.3754	0.52	0.00E+00			
83.968	3.7953	9.29919	70.66394	133.089	76.648858	0.0585	0.3235	0.5176	0.00E+00			
84.052	3.7954	9.2945	70.62863	133.386	76.820853	0.0587	0.3296	0.52	0.00E+00			
84.138	3.7954	9.2954	70.63545	133.237	76.734856	0.0586	0.3265	0.52	0.00E+00			
84.236	3.7947	9.29531	70.63335	133.39	76.820854	0.0587	0.3265	0.52	0.00E+00			
84.336	3.7948	9.29223	70.61022	133.389	76.820855	0.0587	0.3845	0.5225	0.00E+00			
84.429	3.7955	9.29297	70.6171	133.386	76.820855	0.0587	0.3845	0.52	0.00E+00			
84.51	3.7947	9.29128	70.60282	133.39	76.820856	0.0587	0.3662	0.52	0.00E+00			
84.588	3.7942	9.28953	70.58849	133.243	76.73486	0.0586	0.3723	0.52	0.00E+00			
84.666	3.7942	9.29003	70.59224	133.243	76.73486	0.0586	0.3754	0.5225	0.00E+00			
84.747	3.7946	9.29318	70.61707	133.39	76.820858	0.0587	0.3723	0.5237	0.00E+00			
84.844	3.7949	9.29045	70.59691	133.389	76.820859	0.0587	0.3723	0.5188	0.00E+00			
84.948	3.795	9.29017	70.59487	133.389	76.820859	0.0587	0.3693	0.5225	0.00E+00			
85.048	3.795	9.28752	70.57474	133.239	76.734863	0.0586	0.3662	0.5225	0.00E+00			
85.146	3.7952	9.2872	70.57265	133.089	76.648866	0.0585	0.3662	0.52	0.00E+00			
85.24	3.7955	9.28882	70.58557	133.386	76.820861	0.0587	0.3784	0.5237	0.00E+00			
85.325	3.7956	9.28692	70.57131	133.336	76.792196	0.0586	0.3723	0.5176	0.00E+00			
85.411	3.7962	9.28371	70.54804	133.234	76.734865	0.0586	0.3723	0.52	0.00E+00			
85.486	3.796	9.28386	70.54874	133.085	76.648869	0.0585	0.3723	0.5225	0.00E+00			
85.558	3.7963	9.2823	70.53737	133.233	76.734866	0.0586	0.3723	0.5225	0.00E+00			
85.641	3.7963	9.28161	70.53213	133.233	76.734867	0.0586	0.3723	0.52	0.00E+00			
85.733	3.7962	9.28134	70.52998	133.234	76.734867	0.0586	0.3815	0.542	0.00E+00			
85.83	3.7959	9.2831	70.54292	133.085	76.648871	0.0585	0.3815	0.5432	0.00E+00			
85.92	3.7968	9.28182	70.53474	133.38	76.820866	0.0587	0.3693	0.5383	0.00E+00			
86.002	3.7975	9.27937	70.51744	133.228	76.734869	0.0586	0.3693	0.5396	0.00E+00			
86.084	3.7987	9.27561	70.49113	133.371	76.820867	0.0587	0.3662	0.5176	0.00E+00			
86.171	3.7983	9.2762	70.49495	133.224	76.73487	0.0586	0.3693	0.5225	0.00E+00			
86.257	3.7991	9.27691	70.50177	133.22	76.73487	0.0586	0.3693	0.52	0.00E+00			
86.337	3.7996	9.27887	70.51756	133.218	76.734871	0.0586	0.3632	0.52	0.00E+00			
86.405	3.7998	9.27455	70.48509	133.366	76.820869	0.0587	0.3693	0.52	0.00E+00			
86.473	3.7995	9.27272	70.47067	133.218	76.734872	0.0586	0.3754	0.5237	0.00E+00			
86.552	3.7995	9.27718	70.50452	133.218	76.734872	0.0586	0.3693	0.5188	0.00E+00			
86.65	3.7987	9.2755	70.49039	133.222	76.734873	0.0586	0.3723	0.52	0.00E+00			
86.766	3.7983	9.27574	70.49147	133.373	76.820872	0.0587	0.3815	0.542	0.00E+00			
86.881	3.7986	9.27582	70.49254	133.372	76.820872	0.0587	0.3754	0.5432	0.00E+00			
86.974	3.7991	9.27583	70.49341	133.22	76.734876	0.0586	0.3632	0.5432	0.00E+00			
87.052	3.7982	9.27651	70.49715	133.523	76.906871	0.0587	0.3723	0.5396	0.00E+00			
87.132	3.7985	9.26743	70.42866	133.372	76.820874	0.0587	0.3235	0.5237	0.00E+00			
87.231	3.7987	9.27423	70.48076	133.371	76.820875	0.0587	0.3143	0.52	0.00E+00			
87.331	3.799	9.27113	70.45761	133.47	76.878207	0.0587	0.3235	0.5237	0.00E+00			
87.41	3.7996	9.26911	70.4433	133.218	76.734879	0.0586	0.3296	0.5225	0.00E+00			
87.473	3.7993	9.26885	70.44088	133.219	76.734879	0.0586	0.3754	0.52	0.00E+00			
87.527	3.7991	9.27015	70.45041	133.37	76.820877	0.0587	0.3632	0.5151	0.00E+00			
87.595	3.7995	9.26659	70.42395	133.219	76.73488	0.0586	0.3845	0.52	0.00E+00			
87.682	3.7996	9.26864	70.43982	133.069	76.648883	0.0585	0.3723	0.5188	0.00E+00			
87.778	3.7991	9.2673	70.42867	133.37	76.820879	0.0587	0.3754	0.542	0.00E+00			
87.879	3.7998	9.26607	70.42058	133.317	76.792213	0.0586	0.3723	0.5432	0.00E+00			
87.985	3.7995	9.26627	70.42156	133.368	76.82088	0.0587	0.3723	0.5432	0.00E+00			
88.088	3.7996	9.2616	70.3864	133.367	76.820881	0.0587	0.3754	0.5396	0.00E+00			
88.185	3.7999	9.26323	70.39935	133.366	76.820881	0.0586	0.3815	0.5176	0.00E+00			
88.288	3.7998	9.2634	70.40031	133.366	76.820882	0.0586	0.3754	0.5237	0.00E+00			
88.381	3.7999	9.26347	70.40117	133.366	76.820883	0.0586	0.3723	0.52	0.00E+00			
88.46	3.8008	9.25821	70.36277	133.511	76.906881	0.0587	0.3693	0.5188	0.00E+00			
88.524	3.8003	9.25642	70.34832	133.215	76.734886	0.0586	0.3601	0.5225	0.00E+00			
88.586	3.8004	9.25687	70.35191	133.314	76.792218	0.0586	0.3693	0.5225	0.00E+00			
88.661	3.8005	9.25695	70.35261	133.214	76.734887	0.0586	0.3754	0.52	0.00E+00			
88.757	3.8005	9.25786	70.35952	133.363	76.820885	0.0586	0.3693	0.5164	0.00E+00			
88.863	3.7999	9.25178	70.31233	133.366	76.820886	0.0586	0.3662	0.5432	0.00E+00			
88.96	3.7993	9.25206	70.31324	133.219	76.73489	0.0586	0.3845	0.5457	0.00E+00			
89.043	3.7997	9.25285	70.32003	133.367	76.820888	0.0586	0.3815	0.5396	0.00E+00			
89.124	3.7993	9.24751	70.27863	133.369	76.820888	0.0586	0.3723	0.5432	0.00E+00			
89.222	3.7994	9.25157	70.30965	133.468	76.878221	0.0587	0.3754	0.5237	0.00E+00			
89.329	3.7987	9.25225	70.31366	133.521	76.906888	0.0587	0.3815	0.5237	0.00E+00			
89.418	3.7983	9.2477	70.27836	133.224	76.734893	0.0586	0.3845	0.52	0.00E+00			
89.493	3.7981	9.24824	70.28207	133.374	76.820891	0.0587	0.3784	0.5176	0.00E+00			
89.559	3.7983	9.24432	70.25257	133.224	76.734894	0.0586	0.3815	0.5042	0.00E+00			
89.635	3.798	9.24843	70.28339	133.374	76.820892	0.0587	0.3693	0.4993	0.00E+00			
89.744	3.7974	9.24634	70.26633	133.228	76.734896	0.0586	0.3815	0.4981	0.00E+00			
89.864	3.7973	9.2481	70.2795	133.228	76.734897	0.0586	0.3845	0.5005	0.00E+00			
89.979	3.7978	9.24099	70.22636	133.475	76.878227	0.0587	0.3815	0.52	0.00E+00			
90.082	3.7979	9.24505	70.25744	133.226	76.734898	0.0586	0.3754	0.52	0.00E+00			
90.159	3.7978	9.23962	70.216	133.375	76.820896	0.0587	0.3632	0.52	0.00E+00			
90.232	3.7979	9.23889	70.21065	133.375	76.820897	0.0587	0.3693	0.5225	0.00E+00			
90.304	3.797	9.23921	70.21132	133.379	76.820897	0.0587	0.3723	0.5005	0.00E+00			
90.388	3.7967	9.23898	70.20909	133.231	76.734901	0.0586	0.3723	0.4981	0.00E+00			
90.48	3.7961	9.24241	70.23404	133.383	76.820899	0.0587	0.3784	0.5005	0.00E+00			
90.566	3.7955	9.23473	70.17461	133.386	76.8209	0.0587	0.3815	0.5005	0.00E+00			
90.652	3.7946	9.23625	70.18444	133.341	76.792235	0.0586	0.3632	0.5176	0.00E+00			
90.743	3.7947	9.23673	70.1883	133.24	76.734904	0.0586	0.3754	0.5188	0.00E+00			
90.841	3.7939	9.23586	70.18018	133.244	76.734905	0.0586	0.3845	0.52	0.00E+00			
90.945	3.7936	9.2325	70.15403	133.395	76.820903	0.0587	0.3815	0.5225	0.00E+00			
91.033	3.7926	9.23125	70.1428	133.399	76.820904	0.0587	0.3784	0.4981	0.00E+00			
91.118	3.7924	9.23617	70.17973	133.55	76.906902	0.0587	0.3815	0.5005	0.00E+00			
91.207	3.7923	9.23192	70.14743	133.7	76.992901	0.0588	0.3845	0.5005	0.00E+00			
91.288	3.7923	9.22966	70.13012	133.252	76.734908	0.0586	0.3723	0.4993	0.00E+00			
91.37	3.7921	9.23296	70.15497	133.701	76.992902	0.0588	0.3693	0.5029	0.00E+00			
91.454	3.7917	9.22962	70.12864	133.255	76.73491	0.0586	0.3571	0.5005	0.00E+00			
91.548	3.7916	9.22817	70.11748	133.255	76.73491	0.0586	0.3815	0.5005	0.00E+00			
91.655	3.7919	9.22863	70.12148	133.403	76.820908	0.0587	0.3693	0.4993	0.00E+00			
91.778	3.7919	9.22955	70.12864	133.552	76.906907	0.0587	0.3815	0.4993	0.00E+00			
91.902	3.792	9.22176	70.06955	133.402	76.82091	0.0587	0.3662	0.4932	0.00E+00			
92.026	3.792	9.22668	70.10685	133.403	76.820911	0.0587	0.3754	0.5042	0.00E+00			
92.136	3.7918	9.22328	70.08076	133.354	76.792246	0.0586	0.3754	0.5029	0.00E+00			
92.238	3.7911	9.21961	70.05159	133.407	76.820913	0.0587	0.3723	0.5005	0.00E+00			
92.339	3.7909	9.22336	70.07964	133.258	76.734916	0.0586	0.3815	0.5029	0.00E+00			
92.435	3.791	9.22107	70.06245	133.407	76.820914	0.0587	0.3845	0.4981	0.00E+00			
92.533	3.7916	9.22223	70.0724	133.554	76.906913	0.0587	0.3754	0.5005	0.00E+00			
92.637	3.7915	9.22198	70.07035	133.405	76.820916	0.0587	0.3723	0.5225	0.00E+00			
92.741	3.7916	9.21893	70.04721	133.404	76.820916	0.0587	0.3723	0.52	0.00E+00			
92.852	3.7917	9.22181	70.06933	133.354	76.792251	0.0586	0.3723	0.5188	0.00E+00			
92.963	3.7921	9.22183	70.07036	133.551	76.906916	0.0587	0.3754	0.52	0.00E+00			
93.072	3.7925	9.21792	70.04125	133.4	76.820919	0.0587	0.3723	0.4993	0.00E+00			
93.173	3.792	9.21975	70.05423	133.403	76.820919	0.0587	0.3754	0.5005	0.00E+00			
93.27	3.7915	9.21881	70.0461	133.405	76.82092	0.0587	0.3815	0.5005	0.00E+00			
93.372	3.7915	9.21733	70.03499	133.554	76.906919	0.0587	0.3723	0.5005	0.00E+00			
93.476	3.7906	9.22205	70.06909	133.409	76.820922	0.0587	0.3815	0.5042	0.00E+00			
93.574	3.7908	9.21854	70.04289	133.557	76.90692	0.0587	0.3784	0.5005	0.00E+00			
93.667	3.7905	9.21913	70.04677	133.26	76.734926	0.0586	0.3662	0.4993	0.00E+00			
93.752	3.79	9.21896	70.04454	133.113	76.648929	0.0585	0.3693	0.4993	0.00E+00			
93.842	3.7898	9.21634	70.02428	133.413	76.820925	0.0587	0.3754	0.5029	0.00E+00			
93.942	3.7894	9.21854	70.04027	133.564	76.906923	0.0587	0.3754	0.5005	0.00E+00			
94.054	3.7896	9.21902	70.04433	133.413	76.820926	0.0587	0.3754	0.5029	0.00E+00			
94.172	3.7886	9.21546	70.0153	133.418	76.820927	0.0587	0.3723	0.5005	0.00E+00			
94.282	3.7887	9.21873	70.04042	133.418	76.820928	0.0587	0.3754	0.4993	0.00E+00			
94.379	3.7893	9.22107	70.05939	133.514	76.878261	0.0587	0.3754	0.5005	0.00E+00			
94.468	3.7894	9.21998	70.05118	133.564	76.906927	0.0587	0.3723	0.5005	0.00E+00			
94.554	3.7893	9.2205	70.05499	133.415	76.82093	0.0587	0.3754	0.5005	0.00E+00			
94.647	3.7888	9.21598	70.01969	133.716	76.992927	0.0588	0.3815	0.5005	0.00E+00			
94.741	3.7895	9.21593	70.02057	133.414	76.820931	0.0587	0.3601	0.5005	0.00E+00			
94.835	3.7888	9.22018	70.05157	133.417	76.820932	0.0587	0.3754	0.4956	0.00E+00			
94.926	3.7889	9.21749	70.03132	133.566	76.906931	0.0587	0.3693	0.5005	0.00E+00			
95.014	3.7883	9.21893	70.04118	133.27	76.734936	0.0586	0.3754	0.5005	0.00E+00			
95.101	3.788	9.21712	70.02692	133.521	76.878266	0.0587	0.3723	0.5005	0.00E+00			
95.202	3.7888	9.21704	70.02786	133.567	76.906933	0.0587	0.3815	0.4993	0.00E+00			
95.307	3.7886	9.2188	70.04088	133.717	76.992932	0.0588	0.3693	0.5005	0.00E+00			
95.404	3.7881	9.21786	70.03274	133.57	76.906934	0.0587	0.3754	0.4773	0.00E+00			
95.485	3.7881	9.2136	70.00035	133.421	76.820937	0.0587	0.3723	0.4797	0.00E+00			
95.565	3.7876	9.21184	69.98602	133.423	76.820938	0.0587	0.3632	0.4846	0.00E+00			
95.651	3.7877	9.21391	70.00188	133.423	76.820938	0.0587	0.3723	0.4773	0.00E+00			
95.741	3.7868	9.21501	70.00874	133.426	76.820939	0.0587	0.3845	0.5005	0.00E+00			
95.829	3.7866	9.21796	70.03066	133.278	76.734942	0.0586	0.3754	0.5005	0.00E+00			
95.909	3.7861	9.21182	69.98319	133.579	76.906938	0.0587	0.3815	0.5029	0.00E+00			
95.996	3.7859	9.21197	69.98399	133.58	76.906939	0.0587	0.3693	0.4981	0.00E+00			
96.094	3.7853	9.21702	70.02106	133.434	76.820942	0.0587	0.3754	0.5029	0.00E+00			
96.19	3.7842	9.21461	70.00085	133.438	76.820943	0.0587	0.3754	0.5005	0.00E+00			
96.28	3.7842	9.21511	70.0047	133.438	76.820944	0.0587	0.3723	0.5005	0.00E+00			
96.369	3.7835	9.21184	69.9784	133.293	76.734947	0.0586	0.3723	0.5005	0.00E+00			
96.456	3.7831	9.21362	69.99126	133.544	76.878277	0.0587	0.3876	0.5005	0.00E+00			
96.535	3.7837	9.21555	70.00706	133.59	76.906944	0.0587	0.3784	0.5005	0.00E+00			
96.617	3.7835	9.21093	69.97165	133.442	76.820946	0.0587	0.3815	0.4993	0.00E+00			
96.685	3.7837	9.2082	69.95119	133.74	76.992943	0.0588	0.3845	0.5005	0.00E+00			
96.747	3.7844	9.21166	69.97889	133.736	76.992943	0.0588	0.3754	0.52	0.00E+00			
96.805	3.7847	9.2093	69.96134	133.586	76.906945	0.0587	0.3754	0.5237	0.00E+00			
96.877	3.7846	9.20823	69.95297	133.437	76.820948	0.0587	0.3723	0.5237	0.00E+00			
96.972	3.784	9.20769	69.94782	133.44	76.820949	0.0587	0.3815	0.5261	0.00E+00			
97.082	3.7832	9.21158	69.97597	133.393	76.792284	0.0586	0.3754	0.5396	0.00E+00			
97.193	3.7831	9.2046	69.92274	133.743	76.992947	0.0588	0.3723	0.5396	0.00E+00			
97.291	3.7834	9.20862	69.95379	133.144	76.648957	0.0585	0.3754	0.5432	0.00E+00			
97.386	3.7834	9.20476	69.92453	133.592	76.90695	0.0587	0.3723	0.5383	0.00E+00			
97.477	3.7834	9.2021	69.90427	133.443	76.820953	0.0587	0.3784	0.5005	0.00E+00			
97.561	3.7824	9.20323	69.91108	133.596	76.906951	0.0587	0.3845	0.5029	0.00E+00			
97.633	3.7822	9.199	69.87858	133.448	76.820954	0.0587	0.3723	0.5066	0.00E+00			
97.699	3.7815	9.20124	69.89427	133.401	76.792289	0.0586	0.3723	0.5005	0.00E+00			
97.763	3.7816	9.2009	69.89185	133.451	76.820955	0.0587	0.3815	0.5042	0.00E+00			
97.835	3.7819	9.19893	69.87744	133.449	76.820955	0.0587	0.3754	0.5005	0.00E+00			
97.912	3.7806	9.19774	69.8661	133.455	76.820956	0.0587	0.3723	0.5005	0.00E+00			
97.993	3.7808	9.19621	69.85479	133.604	76.906955	0.0587	0.3723	0.4993	0.00E+00			
98.099	3.7794	9.19628	69.85276	133.461	76.820958	0.0587	0.3723	0.5261	0.00E+00			
98.211	3.7799	9.1959	69.85078	133.459	76.820959	0.0587	0.3815	0.52	0.00E+00			
98.31	3.7798	9.19208	69.82155	133.758	76.992956	0.0588	0.3754	0.52	0.00E+00			
98.404	3.7803	9.18889	69.7983	133.556	76.878292	0.0587	0.3815	0.5225	0.00E+00			
98.502	3.7795	9.19199	69.82031	133.759	76.992957	0.0588	0.3662	0.4993	0.00E+00			
98.6	3.7788	9.19109	69.81217	133.613	76.90696	0.0587	0.3784	0.4968	0.00E+00			
98.68	3.7779	9.18941	69.79784	133.617	76.90696	0.0587	0.3845	0.4981	0.00E+00			
98.744	3.7786	9.18734	69.78336	133.465	76.820963	0.0587	0.3845	0.5029	0.00E+00			
98.801	3.7784	9.18429	69.75976	133.466	76.820963	0.0587	0.3815	0.5237	0.00E+00			
98.873	3.7789	9.18585	69.77248	133.613	76.906962	0.0587	0.3723	0.5164	0.00E+00			
98.966	3.7776	9.18308	69.74923	133.718	76.964295	0.0588	0.3754	0.5176	0.00E+00			
