inst/extdata/bad ctd/2018/AR6_Apr_26_2011.cnv
* Sea-Bird SB	E19plus Data	File:										
* FileName =	C:\Sea-Bird\	2011\kl_al	r_apr_2011	017.hex								
* Software Ve	rsion 1.49											
* Temperature	SN =  4708											
* Conductivit	y SN =  4708											
* System UpLo	ad Time = Ma	y 04 2011	11:24:25									
* ds												
* SeacatPlus	V 1.4D  SERI	AL NO. 470	8    04 Ma	y 2011  10:	54:14:00							
# nquan = 10												
# nvalues = 1	943											
# units = spe	cified											
# name 0 = de	pFM: Depth [	fresh wate	"r, m]"									
# name 1 = tv	290C: Temper	ature [ITS	"-90, deg C"	]								
# name 2 = sb	eox0Mg/L: Ox	"ygen, SBE"	43 [mg/l]									
# name 3 = sb	eox0PS: Oxyg	"en, SBE 43"	[% satura	tion]								
# name 4 = sp	ecc: Specifi	c Conducta	nce [uS/cm	]								
# name 5 = c0	uS/cm: Condu	ctivity [u	S/cm]									
# name 6 = sa	l00: Salinit	y [PSU]										
# name 7 = ob	"sscufa: OBS,"	Turner SC	UFA [NTU]									
# name 8 = fl	Scufa: Fluor	"escence, T"	urner SCUF	A [ug/L]								
# name 9 = fl	ag:  0.000e+	0										
# span 0 =	"0.483,"	152.908										
# span 1 =	"3.7510,"	7.5469										
# span 2 =	"8.39666,"	9.72171										
# span 3 =	"67.19874,"	75.27415										
# span 4 =	"58.220,"	134.34										
# span 5 =  3	"7.899501,  8"	1.120076										
# span 6 =	"0.0272,"	0.0598										
# span 7 =	"0.3082,"	0.7477										
# span 8 =	"0.3296,"	0.8325										
# span 9 = 0.	"0000e+00, 0."	0.00E+00										
# interval =	seconds: 0.2	5										
# start_time	= Apr 26 201	1 16:58:00										
# bad_flag =	-9.99E-29											
*END*												
[from data line 1386]
99.192	3.7763	9.1825	69.74227	133.476	76.820967	0.0587	0.3845	0.5029	0.00E+00			
99.287	3.7757	9.18235	69.74014	133.628	76.906965	0.0587	0.3815	0.4993	0.00E+00			
99.375	3.7754	9.18093	69.72889	133.629	76.906966	0.0587	0.3754	0.4968	0.00E+00			
99.459	3.7746	9.17925	69.71459	133.633	76.906967	0.0587	0.3754	0.5005	0.00E+00			
99.548	3.7743	9.17865	69.70938	133.634	76.906968	0.0587	0.3754	0.5029	0.00E+00			
99.635	3.7732	9.18061	69.72224	133.639	76.906969	0.0587	0.3723	0.4981	0.00E+00			
99.706	3.7734	9.17865	69.70782	133.588	76.878303	0.0587	0.3601	0.5029	0.00E+00			
99.77	3.7733	9.17359	69.66922	133.639	76.906969	0.0587	0.3754	0.5066	0.00E+00			
99.848	3.7733	9.17449	69.67596	133.639	76.90697	0.0587	0.3845	0.4993	0.00E+00			
99.947	3.7728	9.17591	69.68592	133.791	76.992969	0.0588	0.3784	0.5029	0.00E+00			
100.064	3.7726	9.1761	69.687	133.492	76.820974	0.0587	0.3754	0.4968	0.00E+00			
100.176	3.7726	9.17584	69.68502	133.492	76.820975	0.0587	0.3723	0.5005	0.00E+00			
100.279	3.7723	9.17049	69.64376	133.494	76.820976	0.0587	0.3723	0.5042	0.00E+00			
100.369	3.7717	9.17152	69.65061	133.646	76.906974	0.0587	0.3723	0.4993	0.00E+00			
100.441	3.7714	9.17487	69.6754	133.747	76.964307	0.0588	0.3723	0.5005	0.00E+00			
100.506	3.7716	9.1725	69.65791	133.796	76.992973	0.0588	0.3693	0.5005	0.00E+00			
100.573	3.7716	9.1718	69.6525	133.647	76.906976	0.0587	0.3815	0.5005	0.00E+00			
100.643	3.7716	9.16991	69.63807	133.647	76.906976	0.0587	0.3693	0.4981	0.00E+00			
100.728	3.7709	9.17653	69.68709	133.5	76.820979	0.0587	0.3754	0.4993	0.00E+00			
100.826	3.771	9.16234	69.57944	133.65	76.906978	0.0587	0.3693	0.4993	0.00E+00			
100.927	3.7708	9.1629	69.58339	133.651	76.906978	0.0587	0.3754	0.5188	0.00E+00			
101.034	3.7704	9.16629	69.6085	133.752	76.964311	0.0588	0.3723	0.5237	0.00E+00			
101.14	3.7703	9.16526	69.60043	133.503	76.820982	0.0587	0.3754	0.5237	0.00E+00			
101.244	3.77	9.16627	69.60742	133.505	76.820983	0.0587	0.3723	0.5237	0.00E+00			
101.329	3.7702	9.16593	69.60519	133.504	76.820984	0.0587	0.3784	0.481	0.00E+00			
101.398	3.7698	9.16092	69.56662	133.655	76.906982	0.0587	0.3754	0.4785	0.00E+00			
101.457	3.7702	9.15892	69.55208	133.803	76.992981	0.0588	0.3815	0.4822	0.00E+00			
101.52	3.7706	9.15652	69.53457	133.651	76.906983	0.0587	0.3784	0.4797	0.00E+00			
101.588	3.771	9.15451	69.52012	133.799	76.992981	0.0588	0.3723	0.52	0.00E+00			
101.684	3.7707	9.15986	69.56021	133.75	76.964316	0.0588	0.3693	0.52	0.00E+00			
101.786	3.7701	9.15896	69.5521	133.654	76.906985	0.0587	0.3784	0.5237	0.00E+00			
101.883	3.7695	9.15721	69.53791	133.806	76.992984	0.0588	0.3876	0.52	0.00E+00			
101.978	3.7703	9.15278	69.50561	133.653	76.906986	0.0587	0.3693	0.4993	0.00E+00			
102.076	3.7698	9.15539	69.5246	133.804	76.992985	0.0588	0.3815	0.5005	0.00E+00			
102.177	3.7704	9.15061	69.48934	133.802	76.992986	0.0588	0.3754	0.5005	0.00E+00			
102.274	3.7696	9.15449	69.51738	133.805	76.992987	0.0588	0.3662	0.5029	0.00E+00			
102.355	3.7696	9.14942	69.47892	133.456	76.792325	0.0587	0.3662	0.4797	0.00E+00			
102.438	3.7694	9.15117	69.49174	133.657	76.90699	0.0587	0.3693	0.481	0.00E+00			
102.528	3.7688	9.14984	69.48051	133.66	76.90699	0.0587	0.3815	0.4846	0.00E+00			
102.622	3.7691	9.14908	69.47534	133.808	76.992989	0.0588	0.3693	0.4785	0.00E+00			
102.724	3.7686	9.14773	69.46421	133.81	76.99299	0.0588	0.3723	0.5042	0.00E+00			
102.847	3.7685	9.14751	69.46233	133.661	76.906993	0.0587	0.3723	0.4981	0.00E+00			
102.98	3.7682	9.14496	69.44244	133.662	76.906994	0.0587	0.3662	0.5005	0.00E+00			
103.11	3.7686	9.14583	69.44967	133.511	76.820997	0.0587	0.3845	0.5005	0.00E+00			
103.229	3.7679	9.14453	69.43869	133.863	77.02166	0.0588	0.3784	0.5005	0.00E+00			
103.32	3.7681	9.13985	69.40333	133.514	76.820998	0.0587	0.3693	0.5042	0.00E+00			
103.404	3.7684	9.14146	69.41617	133.662	76.906997	0.0587	0.3723	0.4993	0.00E+00			
103.493	3.7684	9.13996	69.40492	133.811	76.992996	0.0588	0.3754	0.5005	0.00E+00			
103.589	3.768	9.14218	69.42089	133.813	76.992997	0.0588	0.3784	0.481	0.00E+00			
103.686	3.768	9.13872	69.39463	133.664	76.906999	0.0587	0.3876	0.4797	0.00E+00			
103.784	3.7679	9.13926	69.39854	133.664	76.907	0.0587	0.3754	0.4797	0.00E+00			
103.89	3.7687	9.13839	69.39349	133.461	76.792337	0.0587	0.3693	0.4834	0.00E+00			
103.992	3.7681	9.14066	69.40951	133.663	76.907001	0.0587	0.3845	0.481	0.00E+00			
104.102	3.7679	9.13407	69.35924	133.813	76.993	0.0588	0.3754	0.4785	0.00E+00			
104.214	3.7679	9.1374	69.3844	133.814	76.993001	0.0588	0.3662	0.4797	0.00E+00			
104.326	3.7685	9.13539	69.37035	133.512	76.821006	0.0587	0.3723	0.4797	0.00E+00			
104.431	3.7679	9.13527	69.36829	133.664	76.907004	0.0587	0.3693	0.5042	0.00E+00			
104.52	3.7678	9.1354	69.36911	133.664	76.907005	0.0587	0.3845	0.4993	0.00E+00			
104.592	3.7687	9.13329	69.35468	133.66	76.907005	0.0587	0.3693	0.5029	0.00E+00			
104.673	3.7684	9.13584	69.37353	133.761	76.964338	0.0588	0.3754	0.4993	0.00E+00			
104.759	3.7686	9.1367	69.38036	133.661	76.907007	0.0587	0.3693	0.5005	0.00E+00			
104.844	3.768	9.13534	69.36907	133.813	76.993006	0.0588	0.3754	0.5029	0.00E+00			
104.938	3.7682	9.13741	69.38501	133.663	76.907008	0.0587	0.3693	0.5005	0.00E+00			
105.03	3.7678	9.13484	69.36474	133.665	76.907009	0.0587	0.3754	0.5029	0.00E+00			
105.126	3.7686	9.12957	69.3264	133.81	76.993008	0.0588	0.3693	0.5005	0.00E+00			
105.224	3.7681	9.13061	69.33333	133.663	76.90701	0.0587	0.3754	0.5005	0.00E+00			
105.339	3.7684	9.13188	69.34344	133.662	76.907011	0.0587	0.3815	0.4993	0.00E+00			
105.459	3.7685	9.13121	69.3385	133.761	76.964344	0.0588	0.3693	0.4993	0.00E+00			
105.567	3.7686	9.13331	69.35458	133.511	76.821015	0.0587	0.3906	0.4785	0.00E+00			
105.648	3.7688	9.13057	69.33421	133.66	76.907013	0.0587	0.3815	0.4797	0.00E+00			
105.721	3.7685	9.12913	69.32281	133.661	76.907014	0.0587	0.3723	0.4797	0.00E+00			
105.795	3.7691	9.1271	69.3084	133.658	76.907014	0.0587	0.3723	0.4797	0.00E+00			
105.883	3.7684	9.13173	69.3424	133.661	76.907015	0.0587	0.3845	0.5005	0.00E+00			
105.979	3.7682	9.12872	69.31914	133.812	76.993014	0.0588	0.3845	0.4993	0.00E+00			
106.066	3.7677	9.13094	69.33502	133.615	76.87835	0.0587	0.3723	0.5005	0.00E+00			
106.144	3.7679	9.1302	69.32971	133.664	76.907017	0.0587	0.3845	0.5066	0.00E+00			
106.227	3.7672	9.12848	69.31538	133.667	76.907018	0.0587	0.3723	0.4981	0.00E+00			
106.326	3.7669	9.12866	69.31629	133.669	76.907018	0.0587	0.3784	0.4981	0.00E+00			
106.44	3.7666	9.13085	69.33242	133.67	76.907019	0.0587	0.3876	0.5005	0.00E+00			
106.54	3.7664	9.13023	69.32731	133.521	76.821022	0.0587	0.3815	0.4993	0.00E+00			
106.607	3.7663	9.12794	69.30981	133.671	76.907021	0.0587	0.3723	0.5005	0.00E+00			
106.66	3.7669	9.12628	69.29823	133.669	76.907021	0.0587	0.3693	0.4993	0.00E+00			
106.731	3.7664	9.12528	69.28982	133.87	77.021686	0.0588	0.3723	0.5005	0.00E+00			
106.829	3.7665	9.12936	69.3209	133.67	76.907022	0.0587	0.3815	0.5005	0.00E+00			
106.93	3.7663	9.12674	69.3007	133.671	76.907023	0.0587	0.3784	0.5029	0.00E+00			
107.015	3.7658	9.12222	69.26527	133.524	76.821026	0.0587	0.3693	0.5005	0.00E+00			
107.101	3.7663	9.12457	69.28416	133.671	76.907024	0.0587	0.3815	0.5029	0.00E+00			
107.187	3.7659	9.12318	69.27288	133.673	76.907025	0.0587	0.3815	0.5029	0.00E+00			
107.282	3.7662	9.12045	69.25263	133.672	76.907025	0.0587	0.3754	0.5005	0.00E+00			
107.387	3.7661	9.12298	69.2717	133.772	76.964358	0.0588	0.3693	0.4956	0.00E+00			
107.476	3.7662	9.12188	69.26346	133.672	76.907027	0.0587	0.3693	0.4993	0.00E+00			
107.551	3.7656	9.11932	69.24302	133.824	76.993026	0.0588	0.3754	0.5029	0.00E+00			
107.622	3.7667	9.11915	69.24367	133.67	76.907028	0.0587	0.3845	0.4822	0.00E+00			
107.708	3.7663	9.11895	69.24144	133.671	76.907029	0.0587	0.3693	0.481	0.00E+00			
107.808	3.766	9.11715	69.22727	133.673	76.907029	0.0587	0.3815	0.481	0.00E+00			
107.918	3.7663	9.1192	69.24336	133.821	76.993028	0.0588	0.3845	0.481	0.00E+00			
108.017	3.7665	9.1153	69.21409	133.67	76.907031	0.0587	0.3815	0.5005	0.00E+00			
108.109	3.7667	9.11497	69.21192	133.62	76.878365	0.0587	0.3754	0.5029	0.00E+00			
108.204	3.7667	9.1119	69.18864	133.819	76.99303	0.0588	0.3693	0.4981	0.00E+00			
108.313	3.7667	9.11123	69.1836	133.52	76.821035	0.0587	0.3723	0.4993	0.00E+00			
108.419	3.7664	9.10786	69.15741	133.671	76.907034	0.0587	0.3723	0.4968	0.00E+00			
108.517	3.7669	9.10825	69.16132	133.818	76.993032	0.0588	0.3632	0.5005	0.00E+00			
108.597	3.7664	9.10926	69.16809	133.521	76.821037	0.0587	0.3723	0.5042	0.00E+00			
108.675	3.7673	9.10954	69.17182	133.667	76.907035	0.0587	0.3815	0.5005	0.00E+00			
108.772	3.7665	9.10388	69.12743	133.82	76.993034	0.0588	0.3754	0.4797	0.00E+00			
108.872	3.7668	9.10394	69.12834	133.47	76.792373	0.0587	0.3723	0.481	0.00E+00			
108.985	3.7666	9.10411	69.12938	133.67	76.907038	0.0587	0.3662	0.4797	0.00E+00			
109.116	3.7664	9.10552	69.13963	133.82	76.993037	0.0588	0.3723	0.4797	0.00E+00			
109.236	3.7663	9.10448	69.13168	133.671	76.90704	0.0587	0.3815	0.481	0.00E+00			
109.343	3.766	9.10309	69.12058	133.822	76.993039	0.0588	0.3784	0.481	0.00E+00			
109.44	3.7663	9.10077	69.10335	133.671	76.907041	0.0587	0.3815	0.4822	0.00E+00			
109.54	3.766	9.09778	69.08012	133.822	76.99304	0.0588	0.3815	0.4749	0.00E+00			
109.652	3.7656	9.10159	69.10831	133.774	76.964375	0.0588	0.3723	0.4822	0.00E+00			
109.767	3.7655	9.10096	69.10333	133.675	76.907044	0.0587	0.3784	0.481	0.00E+00			
109.877	3.7657	9.09785	69.08018	133.674	76.907044	0.0587	0.3693	0.4797	0.00E+00			
109.976	3.766	9.10028	69.0992	133.523	76.821047	0.0587	0.3845	0.4797	0.00E+00			
110.074	3.7658	9.09568	69.06387	133.823	76.993044	0.0588	0.3693	0.481	0.00E+00			
110.184	3.7657	9.09782	69.07997	133.824	76.993045	0.0588	0.3754	0.4749	0.00E+00			
110.303	3.7656	9.09641	69.06898	133.675	76.907047	0.0587	0.3723	0.481	0.00E+00			
110.439	3.7658	9.09611	69.0672	133.674	76.907048	0.0587	0.3754	0.481	0.00E+00			
110.569	3.7656	9.09832	69.08349	133.774	76.964381	0.0588	0.3815	0.4822	0.00E+00			
110.675	3.7661	9.09872	69.08748	133.822	76.993048	0.0588	0.3723	0.4822	0.00E+00			
110.764	3.7659	9.09291	69.043	133.823	76.993049	0.0588	0.3845	0.4834	0.00E+00			
110.853	3.7658	9.09583	69.06495	133.674	76.907051	0.0587	0.3815	0.4785	0.00E+00			
110.968	3.7656	9.09403	69.05091	133.824	76.993051	0.0588	0.3693	0.4993	0.00E+00			
111.096	3.7656	9.09655	69.07019	133.824	76.993051	0.0588	0.3754	0.5042	0.00E+00			
111.211	3.7654	9.09356	69.04709	133.675	76.907054	0.0587	0.3723	0.5029	0.00E+00			
111.308	3.7657	9.09283	69.04193	133.624	76.878389	0.0587	0.3754	0.4993	0.00E+00			
111.399	3.7651	9.09108	69.02767	133.677	76.907055	0.0587	0.3693	0.5237	0.00E+00			
111.503	3.7654	9.09512	69.05881	133.676	76.907056	0.0587	0.3723	0.52	0.00E+00			
111.631	3.7657	9.09161	69.03281	133.824	76.993055	0.0588	0.3754	0.5237	0.00E+00			
111.773	3.7657	9.09338	69.04619	133.674	76.907058	0.0587	0.3784	0.5225	0.00E+00			
111.902	3.7652	9.09605	69.06548	133.677	76.907059	0.0587	0.3754	0.4797	0.00E+00			
112.007	3.7654	9.09175	69.03323	133.676	76.90706	0.0587	0.3693	0.481	0.00E+00			
112.098	3.7654	9.09066	69.02499	133.825	76.993059	0.0588	0.3693	0.4822	0.00E+00			
112.187	3.7654	9.09196	69.03487	133.875	77.021726	0.0588	0.3723	0.4785	0.00E+00			
112.291	3.7651	9.09057	69.02374	133.677	76.907062	0.0587	0.3845	0.4981	0.00E+00			
112.4	3.7651	9.0915	69.03078	133.677	76.907063	0.0587	0.3723	0.4981	0.00E+00			
112.507	3.7652	9.08801	69.00457	133.826	76.993062	0.0588	0.3693	0.5042	0.00E+00			
112.616	3.7653	9.08694	68.9965	133.527	76.821066	0.0587	0.3693	0.5042	0.00E+00			
112.718	3.765	9.08951	69.01556	133.528	76.821067	0.0587	0.3815	0.4785	0.00E+00			
112.82	3.7651	9.08524	68.98327	133.677	76.907066	0.0587	0.3815	0.481	0.00E+00			
112.932	3.765	9.08779	69.00242	133.777	76.964399	0.0588	0.3723	0.4773	0.00E+00			
113.045	3.7649	9.08157	68.95512	133.827	76.993066	0.0588	0.3693	0.481	0.00E+00			
113.155	3.7651	9.08086	68.95008	133.677	76.907068	0.0587	0.3845	0.4785	0.00E+00			
113.263	3.7654	9.08172	68.95711	133.975	77.079066	0.0589	0.3754	0.4797	0.00E+00			
113.354	3.7646	9.08044	68.94586	133.68	76.90707	0.0587	0.3815	0.4797	0.00E+00			
113.433	3.7649	9.07648	68.91637	133.678	76.90707	0.0587	0.3723	0.4846	0.00E+00			
113.516	3.7652	9.07889	68.93526	133.826	76.993069	0.0588	0.3693	0.4993	0.00E+00			
113.615	3.7645	9.08355	68.96939	133.68	76.907072	0.0587	0.3754	0.5042	0.00E+00			
113.718	3.765	9.07561	68.90991	133.628	76.878406	0.0587	0.3754	0.5005	0.00E+00			
113.831	3.7648	9.07697	68.92	133.828	76.993071	0.0588	0.3754	0.5005	0.00E+00			
113.958	3.7648	9.07674	68.91814	133.679	76.907074	0.0587	0.3784	0.5005	0.00E+00			
114.081	3.7649	9.07048	68.87093	133.827	76.993073	0.0588	0.3784	0.5029	0.00E+00			
114.202	3.765	9.06981	68.86599	133.677	76.907076	0.0587	0.3815	0.5029	0.00E+00			
114.317	3.7651	9.07591	68.91236	133.677	76.907077	0.0587	0.3784	0.5005	0.00E+00			
114.417	3.7647	9.06936	68.86192	133.829	76.993076	0.0588	0.3754	0.4981	0.00E+00			
114.505	3.7647	9.06907	68.8597	133.679	76.907078	0.0587	0.3601	0.5005	0.00E+00			
114.576	3.7644	9.06125	68.79992	133.78	76.964411	0.0588	0.3815	0.5005	0.00E+00			
114.656	3.7648	9.06921	68.86107	133.978	77.079076	0.0589	0.3723	0.5042	0.00E+00			
114.76	3.7645	9.0714	68.87713	133.68	76.90708	0.0587	0.3723	0.5005	0.00E+00			
114.875	3.7641	9.07044	68.86911	133.831	76.993079	0.0588	0.3754	0.4981	0.00E+00			
114.992	3.7641	9.06581	68.83392	133.682	76.907082	0.0587	0.3693	0.4993	0.00E+00			
115.103	3.7638	9.06361	68.8168	133.683	76.907082	0.0587	0.3723	0.5029	0.00E+00			
115.208	3.7644	9.06322	68.81475	133.83	76.993081	0.0588	0.3693	0.5188	0.00E+00			
115.307	3.7647	9.06486	68.82773	133.629	76.878418	0.0587	0.3784	0.52	0.00E+00			
115.404	3.7643	9.06505	68.82861	133.83	76.993083	0.0588	0.3754	0.52	0.00E+00			
115.491	3.7642	9.066	68.83545	133.681	76.907085	0.0587	0.3723	0.52	0.00E+00			
115.571	3.7644	9.06284	68.812	133.83	76.993084	0.0588	0.3754	0.5005	0.00E+00			
115.649	3.7646	9.06251	68.8097	133.53	76.821088	0.0587	0.3723	0.5005	0.00E+00			
115.728	3.7646	9.0626	68.81042	133.68	76.907087	0.0587	0.3662	0.5005	0.00E+00			
115.823	3.7636	9.05975	68.78711	133.684	76.907088	0.0587	0.3754	0.5005	0.00E+00			
115.948	3.7632	9.06279	68.8094	133.985	77.079086	0.0589	0.3723	0.5029	0.00E+00			
116.084	3.7633	9.06093	68.79553	133.635	76.878424	0.0587	0.3754	0.5029	0.00E+00			
116.208	3.7632	9.05912	68.78155	133.686	76.907091	0.0587	0.3815	0.5005	0.00E+00			
116.31	3.763	9.0553	68.75227	133.836	76.99309	0.0588	0.3815	0.4981	0.00E+00			
116.402	3.7626	9.05433	68.74403	133.689	76.907092	0.0587	0.3845	0.5188	0.00E+00			
116.474	3.7625	9.05484	68.74771	133.839	76.993091	0.0588	0.3815	0.52	0.00E+00			
116.532	3.7626	9.0509	68.71803	133.838	76.993091	0.0588	0.3784	0.5237	0.00E+00			
116.591	3.7626	9.05495	68.74878	133.838	76.993092	0.0588	0.3784	0.52	0.00E+00			
116.673	3.7622	9.05354	68.73743	133.89	77.021759	0.0588	0.3784	0.52	0.00E+00			
116.776	3.7624	9.05403	68.7414	133.69	76.907095	0.0587	0.3723	0.5188	0.00E+00			
116.894	3.762	9.05465	68.74549	133.841	76.993094	0.0588	0.3723	0.5188	0.00E+00			
117.01	3.7624	9.05153	68.72237	133.69	76.907097	0.0587	0.3693	0.5188	0.00E+00			
117.127	3.7622	9.05291	68.73251	133.84	76.993096	0.0588	0.3723	0.4993	0.00E+00			
117.249	3.7627	9.05094	68.7185	133.688	76.907098	0.0587	0.3693	0.5005	0.00E+00			
117.369	3.7616	9.04936	68.70448	133.843	76.993098	0.0588	0.3754	0.5005	0.00E+00			
117.487	3.7617	9.05027	68.7116	133.693	76.9071	0.0587	0.3723	0.5029	0.00E+00			
117.582	3.7622	9.04986	68.70944	133.641	76.878435	0.0587	0.3815	0.5005	0.00E+00			
117.656	3.762	9.04721	68.68896	133.691	76.907101	0.0587	0.3723	0.4993	0.00E+00			
117.717	3.7627	9.04751	68.69254	133.838	76.9931	0.0588	0.3662	0.5005	0.00E+00			
117.8	3.7626	9.04725	68.69027	133.838	76.993101	0.0588	0.3845	0.5005	0.00E+00			
117.907	3.7619	9.04715	68.68822	133.842	76.993102	0.0588	0.3754	0.4968	0.00E+00			
118.02	3.7621	9.04484	68.67111	133.841	76.993102	0.0588	0.3845	0.5005	0.00E+00			
