inst/extdata/bad ctd/2018/KL1_AR1_Badly_named_file_2.cnv
* Sea-Bird SBE19plus Data File:
* FileName = C:\Users\FWCP_NRP\Documents\Seabird\Data\Kootenay\2018\KL_27Aug2018\KL_27Aug2018008.hex
* Software Version 1.59
* Temperature SN =  4708
* Conductivity SN =  4708
* System UpLoad Time = Aug 28 2018 14:54:13
* ds
* SeacatPlus V 1.4D  SERIAL NO. 4708    28 Aug 2018  13:35:42
# nquan = 11
# nvalues = 1445                                  
# units = specified
# name 0 = depFM: Depth [fresh water, m]
# name 1 = tv290C: Temperature [ITS-90, deg C]
# name 2 = sbeox0Mg/L: Oxygen, SBE 43 [mg/l]
# name 3 = sbeox0PS: Oxygen, SBE 43 [% saturation]
# name 4 = specc: Specific Conductance [uS/cm]
# name 5 = c0uS/cm: Conductivity [uS/cm]
# name 6 = sal00: Salinity, Practical [PSU]
# name 7 = obsscufa: OBS, Turner SCUFA [NTU]
# name 8 = flScufa: Fluorescence, Turner SCUFA [ug/L]
# name 9 = f1: Frequency 1
# name 10 = flag:  0.000e+00
# span 0 =     -0.667,     97.154                 
# span 1 =     4.0549,    17.5029                 
# span 2 =     6.7586,    10.9382                 
# span 3 =     70.409,    106.847                 
# span 4 =      2.663,    185.426                 
# span 5 =   2.165779, 107.754734                 
# span 6 =     0.0084,     0.0826                 
# span 7 =     0.2533,     0.7416                 
# span 8 =     1.0523,     1.7237                 
# span 9 =   2839.551,   2853.953                 
# span 10 = 0.0000e+00, 0.0000e+00                
# interval = seconds: 0.25
# start_time = Aug 27 2018 18:05:39 [Instrument's time stamp, header]
# bad_flag = -9.990e-29
*END*
[from data line 787]
     43.634     4.3800    10.8943     83.988    168.963  99.286187     0.0754     0.2716     1.1975   2852.801  0.000e+00
     43.703     4.3773    10.8944     83.983    168.832  99.200092     0.0753     0.2686     1.1963   2852.789  0.000e+00
     43.757     4.3762    10.8973     84.003    168.985  99.286189     0.0754     0.2838     1.1975   2852.801  0.000e+00
     43.808     4.3753    10.8976     84.003    169.137  99.372287     0.0755     0.2564     1.2195   2852.813  0.000e+00
     43.868     4.3746    10.8930     83.966    168.896  99.228793     0.0754     0.2686     1.2207   2852.793  0.000e+00
     43.953     4.3749    10.8847     83.903    168.846  99.200095     0.0753     0.2838     1.2171   2852.789  0.000e+00
     44.069     4.3747    10.8772     83.844    168.847  99.200096     0.0753     0.2686     1.2195   2852.789  0.000e+00
     44.203     4.3744    10.8709     83.795    168.849  99.200098     0.0753     0.2686     1.1951   2852.789  0.000e+00
     44.340     4.3746    10.8645     83.746    168.994  99.286195     0.0754     0.2716     1.1939   2852.801  0.000e+00
     44.465     4.3745    10.8589     83.703    168.848  99.200100     0.0753     0.2655     1.1975   2852.789  0.000e+00
     44.560     4.3733    10.8517     83.644    169.002  99.286198     0.0754     0.2716     1.1939   2852.801  0.000e+00
     44.622     4.3721    10.8518     83.643    169.008  99.286199     0.0754     0.2655     1.2171   2852.801  0.000e+00
     44.656     4.3709    10.8523     83.644    169.162  99.372296     0.0755     0.2686     1.2195   2852.813  0.000e+00
     44.677     4.3693    10.8570     83.677    169.171  99.372297     0.0755     0.2655     1.2158   2852.813  0.000e+00
     44.708     4.3683    10.8596     83.695    169.177  99.372298     0.0755     0.2747     1.2183   2852.813  0.000e+00
     44.758     4.3685    10.8612     83.707    169.029  99.286201     0.0754     0.2747     1.2183   2852.801  0.000e+00
     44.839     4.3670    10.8654     83.737    169.038  99.286202     0.0754     0.2777     1.2134   2852.801  0.000e+00
     44.953     4.3651    10.8705     83.771    169.049  99.286204     0.0754     0.2777     1.2183   2852.801  0.000e+00
     45.109     4.3625    10.8774     83.819    169.210  99.372303     0.0755     0.2777     1.2207   2852.813  0.000e+00
     45.287     4.3590    10.8867     83.883    169.230  99.372306     0.0755     0.2716     1.2183   2852.813  0.000e+00
     45.437     4.3566    10.8913     83.914    169.244  99.372308     0.0755     0.2777     1.2183   2852.813  0.000e+00
     45.538     4.3549    10.8970     83.953    169.401  99.458407     0.0756     0.2747     1.2195   2852.824  0.000e+00
     45.594     4.3551    10.8995     83.973    169.107  99.286213     0.0754     0.2564     1.2183   2852.801  0.000e+00
     45.612     4.3536    10.9021     83.990    169.262  99.372311     0.0755     0.2777     1.2207   2852.813  0.000e+00
     45.613     4.3513    10.9030     83.992    169.275  99.372312     0.0755     0.2777     1.2134   2852.813  0.000e+00
     45.619     4.3508    10.8985     83.956    169.278  99.372312     0.0755     0.2777     1.2171   2852.813  0.000e+00
     45.663     4.3509    10.8996     83.965    169.277  99.372312     0.0755     0.2716     1.2158   2852.813  0.000e+00
     45.763     4.3507    10.8998     83.966    169.278  99.372313     0.0755     0.2716     1.2158   2852.813  0.000e+00
     45.908     4.3396    10.8973     83.922    169.196  99.286221     0.0755     0.2716     1.2158   2852.801  0.000e+00
     46.069     4.3233    10.8965     83.880    169.437  99.372325     0.0756     0.2716     1.2183   2852.813  0.000e+00
     46.215     4.3126    10.8980     83.868    169.205  99.200136     0.0755     0.2686     1.2158   2852.789  0.000e+00
     46.326     4.3051    10.8912     83.800    169.248  99.200140     0.0755     0.2716     1.2195   2852.789  0.000e+00
     46.409     4.2976    10.8860     83.743    169.439  99.286240     0.0756     0.2716     1.2207   2852.801  0.000e+00
     46.466     4.2911    10.8805     83.687    169.623  99.372339     0.0756     0.2808     1.2207   2852.813  0.000e+00
     46.510     4.2863    10.8710     83.603    169.651  99.372341     0.0756     0.2716     1.2183   2852.813  0.000e+00
     46.557     4.2838    10.8701     83.591    169.518  99.286245     0.0756     0.2686     1.2403   2852.801  0.000e+00
     46.617     4.2827    10.8708     83.594    169.525  99.286246     0.0756     0.2686     1.2390   2852.801  0.000e+00
     46.693     4.2808    10.8747     83.620    169.830  99.458442     0.0757     0.2716     1.2366   2852.824  0.000e+00
     46.777     4.2782    10.8790     83.647    169.845  99.458444     0.0757     0.2716     1.2403   2852.824  0.000e+00
     46.866     4.2749    10.8940     83.755    170.354  99.745439     0.0760     0.2747     1.2134   2852.863  0.000e+00
     46.957     4.2687    10.9041     83.819    170.636  99.888940     0.0761     0.2716     1.2158   2852.883  0.000e+00
     47.045     4.2591    10.9105     83.847    171.280 100.233344     0.0764     0.2808     1.2183   2852.930  0.000e+00
     47.133     4.2495    10.9169     83.875    171.042 100.061148     0.0762     0.2686     1.2171   2852.906  0.000e+00
     47.229     4.2420    10.9155     83.848    171.233 100.147251     0.0763     0.2747     1.2390   2852.918  0.000e+00
     47.326     4.2376    10.9122     83.814    171.259 100.147254     0.0763     0.2655     1.2415   2852.918  0.000e+00
     47.424     4.2357    10.9075     83.773    171.123 100.061155     0.0763     0.2686     1.2415   2852.906  0.000e+00
     47.516     4.2341    10.9027     83.732    171.279 100.147257     0.0763     0.2747     1.2415   2852.918  0.000e+00
     47.593     4.2333    10.8978     83.694    171.284 100.147257     0.0763     0.2716     1.2366   2852.918  0.000e+00
     47.660     4.2335    10.8912     83.643    171.283 100.147258     0.0763     0.2716     1.2427   2852.918  0.000e+00
     47.714     4.2333    10.8880     83.618    171.431 100.233359     0.0764     0.2686     1.2427   2852.930  0.000e+00
     47.765     4.2330    10.8815     83.567    171.285 100.147259     0.0763     0.2655     1.2366   2852.918  0.000e+00
     47.822     4.2332    10.8757     83.523    171.137 100.061159     0.0763     0.2686     1.2403   2852.906  0.000e+00
     47.901     4.2331    10.8705     83.483    171.285 100.147260     0.0763     0.2747     1.2366   2852.918  0.000e+00
     48.003     4.2323    10.8663     83.450    171.388 100.204662     0.0764     0.2716     1.2366   2852.926  0.000e+00
     48.131     4.2308    10.8658     83.442    171.888 100.491668     0.0766     0.2777     1.2403   2852.965  0.000e+00
     48.264     4.2264    10.8610     83.396    172.061 100.577772     0.0767     0.2777     1.2427   2852.977  0.000e+00
     48.391     4.2217    10.8601     83.379    172.334 100.721279     0.0768     0.2747     1.2366   2852.996  0.000e+00
     48.499     4.2181    10.8572     83.348    172.355 100.721282     0.0768     0.2777     1.2366   2852.996  0.000e+00
     48.570     4.2149    10.8550     83.325    172.276 100.663881     0.0768     0.2655     1.2390   2852.988  0.000e+00
     48.612     4.2123    10.8508     83.287    172.291 100.663883     0.0768     0.2655     1.2366   2852.988  0.000e+00
     48.631     4.2111    10.8421     83.218    172.544 100.807388     0.0769     0.2747     1.2366   2853.008  0.000e+00
     48.657     4.2105    10.8329     83.146    172.400 100.721286     0.0768     0.2594     1.2439   2852.996  0.000e+00
     48.712     4.2103    10.8165     83.019    172.549 100.807389     0.0769     0.2747     1.2415   2853.008  0.000e+00
     48.810     4.2104    10.8086     82.959    172.548 100.807390     0.0769     0.2686     1.2366   2853.008  0.000e+00
     48.938     4.2091    10.7981     82.875    172.556 100.807392     0.0769     0.2808     1.2390   2853.008  0.000e+00
     49.079     4.2071    10.7868     82.785    172.322 100.663889     0.0768     0.2686     1.2403   2852.988  0.000e+00
     49.205     4.2056    10.7935     82.833    172.576 100.807395     0.0769     0.2808     1.2354   2853.008  0.000e+00
     49.308     4.2039    10.7782     82.712    172.734 100.893500     0.0770     0.2655     1.2366   2853.020  0.000e+00
     49.383     4.2019    10.7879     82.781    172.746 100.893501     0.0770     0.2686     1.2366   2853.020  0.000e+00
     49.435     4.2009    10.7952     82.836    172.604 100.807399     0.0769     0.2655     1.2366   2853.008  0.000e+00
     49.472     4.1999    10.7915     82.805    172.610 100.807400     0.0769     0.2716     1.2427   2853.008  0.000e+00
     49.519     4.1991    10.8082     82.931    172.762 100.893504     0.0770     0.2686     1.2403   2853.020  0.000e+00
     49.578     4.1986    10.7923     82.809    172.765 100.893504     0.0770     0.2777     1.2427   2853.020  0.000e+00
     49.666     4.1982    10.7863     82.761    172.915 100.979609     0.0771     0.2747     1.2390   2853.031  0.000e+00
     49.773     4.1969    10.7808     82.717    173.021 101.037013     0.0771     0.2686     1.2366   2853.039  0.000e+00
     49.896     4.1936    10.7897     82.777    173.090 101.065717     0.0771     0.2686     1.2366   2853.043  0.000e+00
     50.009     4.1900    10.7915     82.783    173.111 101.065719     0.0771     0.2716     1.2415   2853.043  0.000e+00
     50.105     4.1873    10.7932     82.790    173.274 101.151825     0.0772     0.2716     1.2415   2853.055  0.000e+00
     50.179     4.1864    10.7913     82.774    172.985 100.979618     0.0771     0.2716     1.2403   2853.031  0.000e+00
     50.233     4.1859    10.7943     82.796    173.136 101.065722     0.0772     0.2716     1.2622   2853.043  0.000e+00
     50.290     4.1852    10.7947     82.798    173.140 101.065723     0.0772     0.2594     1.2598   2853.043  0.000e+00
     50.348     4.1852    10.7944     82.796    173.238 101.123127     0.0772     0.2716     1.2610   2853.051  0.000e+00
     50.433     4.1846    10.7878     82.743    173.291 101.151829     0.0772     0.2686     1.2610   2853.055  0.000e+00
     50.534     4.1831    10.7798     82.679    173.595 101.324040     0.0774     0.2747     1.2366   2853.078  0.000e+00
     50.653     4.1804    10.7807     82.680    173.758 101.410148     0.0774     0.2808     1.2415   2853.090  0.000e+00
     50.768     4.1779    10.7825     82.688    173.773 101.410150     0.0774     0.2625     1.2403   2853.090  0.000e+00
     50.864     4.1760    10.7826     82.685    173.932 101.496257     0.0775     0.2747     1.2390   2853.102  0.000e+00
     50.940     4.1751    10.7783     82.650    173.790 101.410152     0.0774     0.2747     1.2390   2853.090  0.000e+00
     51.007     4.1740    10.7769     82.637    173.944 101.496259     0.0775     0.2808     1.2366   2853.102  0.000e+00
     51.068     4.1725    10.7716     82.593    173.953 101.496260     0.0775     0.2625     1.2366   2853.102  0.000e+00
     51.133     4.1711    10.7647     82.537    174.109 101.582368     0.0776     0.2716     1.2390   2853.113  0.000e+00
     51.208     4.1697    10.7578     82.481    173.970 101.496263     0.0775     0.2655     1.2610   2853.102  0.000e+00
     51.292     4.1686    10.7510     82.426    174.124 101.582370     0.0776     0.2777     1.2598   2853.113  0.000e+00
     51.382     4.1675    10.7456     82.383    174.278 101.668478     0.0777     0.2686     1.2598   2853.125  0.000e+00
     51.472     4.1650    10.7483     82.398    174.293 101.668479     0.0777     0.2686     1.2622   2853.125  0.000e+00
     51.567     4.1625    10.7459     82.374    174.308 101.668481     0.0777     0.2747     1.2561   2853.125  0.000e+00
     51.668     4.1613    10.7429     82.349    174.463 101.754589     0.0777     0.2686     1.2573   2853.137  0.000e+00
     51.776     4.1594    10.7485     82.388    174.474 101.754591     0.0777     0.2747     1.2622   2853.137  0.000e+00
     51.878     4.1580    10.7488     82.387    174.778 101.926807     0.0779     0.2716     1.2598   2853.160  0.000e+00
     51.966     4.1564    10.7466     82.367    174.639 101.840701     0.0778     0.2747     1.2586   2853.148  0.000e+00
     52.044     4.1551    10.7436     82.341    174.943 102.012918     0.0780     0.2716     1.2610   2853.172  0.000e+00
     52.108     4.1546    10.7371     82.290    174.699 101.869405     0.0778     0.2747     1.2598   2853.152  0.000e+00
     52.166     4.1550    10.7343     82.269    174.944 102.012919     0.0780     0.2625     1.2622   2853.172  0.000e+00
     52.220     4.1543    10.7334     82.261    175.095 102.099028     0.0780     0.2716     1.2573   2853.184  0.000e+00
     52.284     4.1546    10.7289     82.228    174.946 102.012920     0.0780     0.2747     1.2561   2853.172  0.000e+00
     52.362     4.1547    10.7225     82.179    174.945 102.012921     0.0780     0.2716     1.2573   2853.172  0.000e+00
     52.472     4.1544    10.7202     82.160    175.094 102.099030     0.0780     0.2686     1.2598   2853.184  0.000e+00
     52.584     4.1551    10.7134     82.109    175.091 102.099031     0.0780     0.2777     1.2622   2853.184  0.000e+00
     52.700     4.1560    10.7108     82.091    175.085 102.099032     0.0780     0.2686     1.2622   2853.184  0.000e+00
     52.801     4.1562    10.7085     82.074    175.231 102.185142     0.0781     0.2747     1.2622   2853.195  0.000e+00
     52.892     4.1564    10.7004     82.013    175.230 102.185142     0.0781     0.2716     1.2586   2853.195  0.000e+00
     52.955     4.1566    10.6942     81.966    175.327 102.242549     0.0781     0.2716     1.2598   2853.203  0.000e+00
     52.989     4.1565    10.6920     81.949    175.328 102.242549     0.0781     0.2716     1.2598   2853.203  0.000e+00
     53.011     4.1567    10.6885     81.923    175.327 102.242549     0.0781     0.2716     1.2634   2853.203  0.000e+00
     53.035     4.1570    10.6803     81.860    175.473 102.328659     0.0782     0.2686     1.2586   2853.215  0.000e+00
     53.081     4.1570    10.6748     81.818    175.227 102.185144     0.0781     0.2716     1.2586   2853.195  0.000e+00
     53.157     4.1573    10.6667     81.756    175.077 102.099036     0.0780     0.2777     1.2647   2853.184  0.000e+00
     53.275     4.1571    10.6615     81.716    175.472 102.328661     0.0782     0.2625     1.2622   2853.215  0.000e+00
     53.415     4.1558    10.6575     81.683    175.480 102.328663     0.0782     0.2716     1.2634   2853.215  0.000e+00
     53.559     4.1552    10.6552     81.663    175.336 102.242555     0.0781     0.2655     1.2598   2853.203  0.000e+00
     53.671     4.1542    10.6541     81.653    175.342 102.242557     0.0781     0.2716     1.2598   2853.203  0.000e+00
     53.745     4.1537    10.6548     81.658    175.492 102.328667     0.0782     0.2655     1.2573   2853.215  0.000e+00
     53.785     4.1539    10.6552     81.661    175.393 102.271261     0.0782     0.2655     1.2598   2853.207  0.000e+00
     53.814     4.1538    10.6568     81.673    175.492 102.328667     0.0782     0.2716     1.2573   2853.215  0.000e+00
     53.852     4.1545    10.6546     81.658    175.488 102.328667     0.0782     0.2777     1.2573   2853.215  0.000e+00
     53.911     4.1552    10.6578     81.683    175.336 102.242559     0.0781     0.2747     1.2586   2853.203  0.000e+00
     54.002     4.1548    10.6519     81.638    175.486 102.328669     0.0782     0.2747     1.2586   2853.215  0.000e+00
     54.112     4.1537    10.6563     81.670    175.640 102.414780     0.0783     0.2716     1.2634   2853.227  0.000e+00
     54.225     4.1531    10.6511     81.628    175.496 102.328671     0.0782     0.2655     1.2586   2853.215  0.000e+00
     54.328     4.1514    10.6486     81.605    175.654 102.414783     0.0783     0.2625     1.2598   2853.227  0.000e+00
     54.419     4.1499    10.6504     81.615    175.515 102.328674     0.0782     0.2838     1.2610   2853.215  0.000e+00
