inst/extdata/bad ctd/2018/KL1_AR1_Badly_named_file_2.cnv
* Sea-Bird SBE19plus Data File:
* FileName = C:\Users\FWCP_NRP\Documents\Seabird\Data\Kootenay\2018\KL_27Aug2018\KL_27Aug2018008.hex
* Software Version 1.59
* Temperature SN =  4708
* Conductivity SN =  4708
* System UpLoad Time = Aug 28 2018 14:54:13
* ds
* SeacatPlus V 1.4D  SERIAL NO. 4708    28 Aug 2018  13:35:42
# nquan = 11
# nvalues = 1445                                  
# units = specified
# name 0 = depFM: Depth [fresh water, m]
# name 1 = tv290C: Temperature [ITS-90, deg C]
# name 2 = sbeox0Mg/L: Oxygen, SBE 43 [mg/l]
# name 3 = sbeox0PS: Oxygen, SBE 43 [% saturation]
# name 4 = specc: Specific Conductance [uS/cm]
# name 5 = c0uS/cm: Conductivity [uS/cm]
# name 6 = sal00: Salinity, Practical [PSU]
# name 7 = obsscufa: OBS, Turner SCUFA [NTU]
# name 8 = flScufa: Fluorescence, Turner SCUFA [ug/L]
# name 9 = f1: Frequency 1
# name 10 = flag:  0.000e+00
# span 0 =     -0.667,     97.154                 
# span 1 =     4.0549,    17.5029                 
# span 2 =     6.7586,    10.9382                 
# span 3 =     70.409,    106.847                 
# span 4 =      2.663,    185.426                 
# span 5 =   2.165779, 107.754734                 
# span 6 =     0.0084,     0.0826                 
# span 7 =     0.2533,     0.7416                 
# span 8 =     1.0523,     1.7237                 
# span 9 =   2839.551,   2853.953                 
# span 10 = 0.0000e+00, 0.0000e+00                
# interval = seconds: 0.25
# start_time = Aug 27 2018 18:05:39 [Instrument's time stamp, header]
# bad_flag = -9.990e-29
*END*
[from data line 132]
      0.283    17.2986     7.5488     78.619    120.264 101.749754     0.0591     0.3143     1.3611   2853.137  0.000e+00
      0.282    17.2986     7.4694     77.792    120.264 101.749754     0.0591     0.3204     1.3599   2853.137  0.000e+00
      0.284    17.2940     7.3908     76.966    120.175 101.663653     0.0590     0.3204     1.3501   2853.125  0.000e+00
      0.282    17.2902     7.3094     76.112    120.288 101.749757     0.0591     0.3021     1.3538   2853.137  0.000e+00
      0.279    17.2861     7.2355     75.337    120.265 101.721057     0.0591     0.3174     1.3562   2853.133  0.000e+00
      0.268    17.2810     7.1631     74.574    120.212 101.663657     0.0590     0.3296     1.3635   2853.125  0.000e+00
      0.262    17.2764     7.0965     73.875    120.327 101.749761     0.0591     0.3265     1.3599   2853.137  0.000e+00
      0.267    17.2735     7.0342     73.222    120.335 101.749762     0.0591     0.3265     1.3538   2853.137  0.000e+00
      0.284    17.2727     6.9851     72.709    120.337 101.749763     0.0591     0.3265     1.3587   2853.137  0.000e+00
      0.306    17.2755     6.9551     72.401    120.431 101.835865     0.0591     0.3235     1.3562   2853.148  0.000e+00
      0.324    17.2786     6.9493     72.345    120.219 101.663659     0.0590     0.3265     1.3440   2853.125  0.000e+00
      0.325    17.2825     6.9582     72.444    120.276 101.721059     0.0591     0.3265     1.3440   2853.133  0.000e+00
      0.312    17.2803     6.9630     72.490    120.214 101.663658     0.0590     0.3235     1.3404   2853.125  0.000e+00
      0.282    17.2623     6.9727     72.564    120.265 101.663663     0.0591     0.3204     1.3477   2853.125  0.000e+00
      0.251    17.2457     7.0012     72.836    120.313 101.663669     0.0591     0.3174     1.3574   2853.125  0.000e+00
      0.234    17.2375     7.0842     73.686    120.336 101.663671     0.0591     0.3296     1.3538   2853.125  0.000e+00
      0.242    17.2381     7.2033     74.927    120.538 101.835877     0.0592     0.3174     1.3562   2853.148  0.000e+00
      0.261    17.2538     7.3349     76.321    120.391 101.749769     0.0591     0.3235     1.3550   2853.137  0.000e+00
      0.285    17.2750     7.4497     77.549    120.297 101.721061     0.0591     0.3265     1.3391   2853.133  0.000e+00
      0.303    17.2835     7.5354     78.455    120.307 101.749759     0.0591     0.3235     1.3465   2853.137  0.000e+00
      0.319    17.2858     7.5931     79.059    120.198 101.663656     0.0590     0.3204     1.3440   2853.125  0.000e+00
      0.322    17.2896     7.6086     79.227    120.187 101.663655     0.0590     0.3174     1.3440   2853.125  0.000e+00
      0.319    17.2895     7.5914     79.047    120.290 101.749758     0.0591     0.3082     1.3733   2853.137  0.000e+00
      0.301    17.2806     7.5340     78.436    120.213 101.663658     0.0590     0.3174     1.3806   2853.125  0.000e+00
      0.276    17.2698     7.4544     77.589    120.244 101.663661     0.0591     0.3235     1.3758   2853.125  0.000e+00
      0.256    17.2627     7.3694     76.693    120.264 101.663663     0.0591     0.3174     1.3782   2853.125  0.000e+00
      0.247    17.2612     7.2886     75.850    120.370 101.749766     0.0591     0.3235     1.3404   2853.137  0.000e+00
      0.248    17.2625     7.2260     75.201    120.367 101.749766     0.0591     0.3235     1.3440   2853.137  0.000e+00
      0.262    17.2695     7.1942     74.881    120.449 101.835867     0.0591     0.3204     1.3416   2853.148  0.000e+00
      0.279    17.2798     7.1912     74.865    120.216 101.663658     0.0590     0.3174     1.3452   2853.125  0.000e+00
      0.298    17.2847     7.2006     74.971    120.201 101.663656     0.0590     0.3143     1.3965   2853.125  0.000e+00
      0.313    17.2876     7.1902     74.867    120.193 101.663655     0.0590     0.3082     1.4014   2853.125  0.000e+00
      0.319    17.2907     7.1711     74.674    120.184 101.663654     0.0590     0.3082     1.3989   2853.125  0.000e+00
      0.311    17.2905     7.1410     74.360    120.185 101.663654     0.0590     0.3326     1.3965   2853.125  0.000e+00
      0.291    17.2827     7.0991     73.911    120.207 101.663657     0.0590     0.3296     1.4429   2853.125  0.000e+00
      0.268    17.2746     7.0452     73.337    120.230 101.663659     0.0590     0.3265     1.4417   2853.125  0.000e+00
      0.243    17.2700     6.9831     72.684    120.345 101.749763     0.0591     0.3204     1.4368   2853.137  0.000e+00
      0.232    17.2669     6.9182     72.004    120.354 101.749764     0.0591     0.3204     1.4405   2853.137  0.000e+00
      0.234    17.2666     6.8589     71.387    120.253 101.663662     0.0591     0.3235     1.3391   2853.125  0.000e+00
      0.255    17.2711     6.8112     70.897    120.410 101.807165     0.0591     0.3265     1.3452   2853.145  0.000e+00
      0.285    17.2873     6.7800     70.596    120.398 101.835861     0.0591     0.3235     1.3477   2853.148  0.000e+00
      0.321    17.3111     6.7686     70.512    120.330 101.835854     0.0591     0.3082     1.3452   2853.148  0.000e+00
      0.341    17.3244     6.7645     70.488    120.089 101.663644     0.0590     0.3082     1.3599   2853.125  0.000e+00
      0.341    17.3308     6.7662     70.515    120.172 101.749744     0.0590     0.3174     1.3550   2853.137  0.000e+00
      0.323    17.3325     6.7602     70.456    119.964 101.577538     0.0589     0.3204     1.3599   2853.113  0.000e+00
      0.289    17.3117     6.7586     70.409    120.125 101.663647     0.0590     0.3235     1.3574   2853.125  0.000e+00
      0.250    17.2876     6.7663     70.454    120.261 101.721057     0.0591     0.3265     1.3233   2853.133  0.000e+00
      0.226    17.2742     6.7821     70.599    120.435 101.835865     0.0591     0.3296     1.3220   2853.148  0.000e+00
      0.212    17.2709     6.8175     70.962    120.241 101.663660     0.0591     0.3174     1.3245   2853.125  0.000e+00
      0.221    17.2832     6.8833     71.666    121.088 102.409892     0.0594     0.3235     1.3196   2853.227  0.000e+00
      0.250    17.3401     7.0014     72.981    121.027 102.495979     0.0594     0.3235     1.3220   2853.238  0.000e+00
      0.288    17.4052     7.3121     76.322    120.740 102.409852     0.0593     0.3265     1.3184   2853.227  0.000e+00
      0.325    17.4455     7.8415     81.917    120.523 102.323733     0.0592     0.3235     1.3220   2853.215  0.000e+00
      0.348    17.4661     8.4465     88.275    120.668 102.495938     0.0593     0.3143     1.3220   2853.238  0.000e+00
      0.349    17.4768     9.0261     94.353    120.536 102.409829     0.0592     0.3204     1.3574   2853.227  0.000e+00
      0.322    17.4820     9.5210     99.537    120.521 102.409827     0.0592     0.3204     1.3599   2853.227  0.000e+00
      0.282    17.4846     9.8930    103.431    120.615 102.495931     0.0593     0.3204     1.3550   2853.238  0.000e+00
      0.243    17.4851    10.1284    105.893    120.614 102.495931     0.0593     0.3265     1.3538   2853.238  0.000e+00
      0.212    17.4853    10.2195    106.847    120.512 102.409825     0.0592     0.3204     1.3562   2853.227  0.000e+00
      0.206    17.4862    10.1760    106.394    120.611 102.495930     0.0593     0.3235     1.3587   2853.238  0.000e+00
      0.225    17.4872    10.0454    105.031    120.608 102.495930     0.0593     0.3174     1.3562   2853.238  0.000e+00
      0.261    17.4886     9.9123    103.642    120.604 102.495930     0.0593     0.3235     1.3550   2853.238  0.000e+00
      0.300    17.4913     9.7888    102.356    120.495 102.409823     0.0592     0.3235     1.4173   2853.227  0.000e+00
      0.332    17.4941     9.6875    101.303    120.588 102.495929     0.0593     0.3143     1.4185   2853.238  0.000e+00
      0.343    17.4959     9.6070    100.465    120.583 102.495928     0.0593     0.3174     1.4173   2853.238  0.000e+00
      0.336    17.4968     9.5436     99.804    120.580 102.495928     0.0593     0.3082     1.4173   2853.238  0.000e+00
      0.314    17.4975     9.4956     99.304    120.646 102.553331     0.0593     0.3204     1.3416   2853.246  0.000e+00
      0.287    17.4971     9.4644     98.976    120.479 102.409821     0.0592     0.3204     1.3452   2853.227  0.000e+00
      0.264    17.4955     9.4376     98.693    120.584 102.495928     0.0593     0.3204     1.3440   2853.238  0.000e+00
      0.245    17.4947     9.4141     98.445    120.485 102.409822     0.0592     0.3296     1.3404   2853.227  0.000e+00
      0.226    17.4948     9.3994     98.291    120.586 102.495927     0.0593     0.3204     1.3208   2853.238  0.000e+00
      0.220    17.4950     9.3930     98.226    120.485 102.409821     0.0592     0.3204     1.3269   2853.227  0.000e+00
      0.235    17.4946     9.3998     98.295    120.486 102.409822     0.0592     0.3174     1.3233   2853.227  0.000e+00
      0.263    17.4941     9.4053     98.352    120.487 102.409822     0.0592     0.3174     1.3220   2853.227  0.000e+00
      0.293    17.4945     9.4138     98.442    120.587 102.495928     0.0593     0.3235     1.3452   2853.238  0.000e+00
      0.320    17.4950     9.4240     98.549    120.484 102.409822     0.0592     0.3174     1.3440   2853.227  0.000e+00
      0.344    17.4957     9.4369     98.686    120.584 102.495928     0.0593     0.3204     1.3428   2853.238  0.000e+00
      0.355    17.4961     9.4492     98.815    120.583 102.495928     0.0593     0.3235     1.3391   2853.238  0.000e+00
      0.342    17.4962     9.4561     98.887    120.684 102.582034     0.0593     0.3204     1.3428   2853.250  0.000e+00
      0.295    17.4957     9.4570     98.895    120.584 102.495928     0.0593     0.3235     1.3428   2853.238  0.000e+00
      0.233    17.4953     9.4442     98.761    120.653 102.553331     0.0593     0.3204     1.3404   2853.246  0.000e+00
      0.178    17.4946     9.4317     98.629    120.486 102.409821     0.0592     0.3204     1.3416   2853.227  0.000e+00
      0.160    17.4941     9.4125     98.427    120.689 102.582033     0.0593     0.3265     1.3391   2853.250  0.000e+00
      0.190    17.4946     9.4006     98.304    120.486 102.409821     0.0592     0.3235     1.3452   2853.227  0.000e+00
      0.255    17.4946     9.3946     98.241    120.587 102.495928     0.0593     0.3235     1.3452   2853.238  0.000e+00
      0.322    17.4946     9.3929     98.223    120.587 102.495928     0.0593     0.3174     1.3416   2853.238  0.000e+00
      0.373    17.4943     9.3933     98.226    120.588 102.495929     0.0593     0.3235     1.3477   2853.238  0.000e+00
      0.401    17.4938     9.4035     98.332    120.488 102.409824     0.0592     0.3143     1.3452   2853.227  0.000e+00
      0.392    17.4944     9.4152     98.456    120.486 102.409823     0.0592     0.3174     1.3416   2853.227  0.000e+00
      0.344    17.4947     9.4224     98.532    120.587 102.495929     0.0593     0.3082     1.3465   2853.238  0.000e+00
      0.271    17.4947     9.4221     98.529    120.485 102.409822     0.0592     0.3204     1.3220   2853.227  0.000e+00
      0.194    17.4942     9.4180     98.485    120.588 102.495927     0.0593     0.3143     1.3245   2853.238  0.000e+00
      0.146    17.4950     9.4134     98.439    120.586 102.495927     0.0593     0.3174     1.3269   2853.238  0.000e+00
      0.144    17.4961     9.4088     98.392    120.481 102.409820     0.0592     0.3174     1.3233   2853.227  0.000e+00
      0.189    17.4971     9.4133     98.442    120.580 102.495926     0.0593     0.3204     1.3538   2853.238  0.000e+00
      0.259    17.4979     9.4172     98.484    120.577 102.495927     0.0593     0.3204     1.3587   2853.238  0.000e+00
      0.334    17.4980     9.4192     98.505    120.679 102.582034     0.0593     0.3265     1.3562   2853.250  0.000e+00
      0.388    17.4977     9.4252     98.567    120.578 102.495928     0.0593     0.3174     1.3526   2853.238  0.000e+00
      0.410    17.4981     9.4293     98.611    120.476 102.409822     0.0592     0.3326     1.3220   2853.227  0.000e+00
      0.396    17.4990     9.4284     98.604    120.574 102.495928     0.0593     0.3204     1.3245   2853.238  0.000e+00
      0.356    17.4993     9.4263     98.582    120.573 102.495927     0.0593     0.3235     1.3220   2853.238  0.000e+00
      0.301    17.4994     9.4157     98.471    120.573 102.495927     0.0593     0.3143     1.3220   2853.238  0.000e+00
      0.246    17.4992     9.4044     98.353    120.574 102.495926     0.0593     0.3235     1.3452   2853.238  0.000e+00
      0.201    17.4987     9.3919     98.221    120.474 102.409820     0.0592     0.3204     1.3391   2853.227  0.000e+00
      0.177    17.4987     9.3738     98.032    120.474 102.409820     0.0592     0.3326     1.3465   2853.227  0.000e+00
      0.178    17.4985     9.3552     97.837    120.576 102.495926     0.0593     0.3235     1.3416   2853.238  0.000e+00
      0.206    17.4987     9.3381     97.659    120.575 102.495926     0.0593     0.3265     1.3342   2853.238  0.000e+00
      0.252    17.4984     9.3337     97.612    120.475 102.409821     0.0592     0.3235     1.3416   2853.227  0.000e+00
      0.306    17.4980     9.3441     97.720    120.577 102.495927     0.0593     0.3143     1.3440   2853.238  0.000e+00
      0.357    17.4978     9.3642     97.930    120.476 102.409822     0.0592     0.3204     1.3404   2853.227  0.000e+00
      0.393    17.4974     9.3888     98.186    120.680 102.582034     0.0593     0.3113     1.3233   2853.250  0.000e+00
      0.396    17.4973     9.4127     98.435    120.579 102.495928     0.0593     0.3204     1.3196   2853.238  0.000e+00
      0.369    17.4968     9.4350     98.668    120.580 102.495928     0.0593     0.3174     1.3208   2853.238  0.000e+00
      0.314    17.4957     9.4520     98.843    120.482 102.409822     0.0592     0.3235     1.3208   2853.227  0.000e+00
      0.256    17.4950     9.4684     99.014    120.586 102.495928     0.0593     0.3174     1.3245   2853.238  0.000e+00
      0.201    17.4953     9.4703     99.034    120.585 102.495927     0.0593     0.3204     1.3245   2853.238  0.000e+00
      0.175    17.4952     9.4591     98.917    120.484 102.409821     0.0592     0.3113     1.3233   2853.227  0.000e+00
      0.176    17.4959     9.4452     98.773    120.380 102.323715     0.0592     0.3326     1.3208   2853.215  0.000e+00
      0.209    17.4965     9.4356     98.674    120.581 102.495927     0.0593     0.3174     1.3220   2853.238  0.000e+00
      0.261    17.4974     9.4287     98.603    120.579 102.495927     0.0593     0.3265     1.3245   2853.238  0.000e+00
      0.314    17.4986     9.4162     98.475    120.677 102.582033     0.0593     0.3143     1.3245   2853.250  0.000e+00
      0.362    17.4997     9.3998     98.306    120.572 102.495927     0.0593     0.3235     1.3220   2853.238  0.000e+00
      0.386    17.5004     9.3961     98.268    120.672 102.582033     0.0593     0.3113     1.3574   2853.250  0.000e+00
      0.387    17.5002     9.4057     98.369    120.672 102.582033     0.0593     0.3265     1.3562   2853.250  0.000e+00
      0.360    17.4994     9.4167     98.482    120.472 102.409821     0.0592     0.3296     1.3587   2853.227  0.000e+00
      0.314    17.4999     9.4196     98.513    120.572 102.495927     0.0593     0.3174     1.3550   2853.238  0.000e+00
      0.260    17.5003     9.4226     98.545    120.571 102.495926     0.0593     0.3235     1.3587   2853.238  0.000e+00
      0.213    17.5006     9.4293     98.617    120.570 102.495925     0.0593     0.3265     1.3587   2853.238  0.000e+00
      0.189    17.5002     9.4363     98.689    120.571 102.495925     0.0593     0.3204     1.3538   2853.238  0.000e+00
      0.194    17.4999     9.4353     98.677    120.470 102.409820     0.0592     0.3235     1.3574   2853.227  0.000e+00
