inst/extdata/bad ctd/2018/KL1_AR1_Badly_named_file_2.cnv
* Sea-Bird SBE19plus Data File:
* FileName = C:\Users\FWCP_NRP\Documents\Seabird\Data\Kootenay\2018\KL_27Aug2018\KL_27Aug2018008.hex
* Software Version 1.59
* Temperature SN =  4708
* Conductivity SN =  4708
* System UpLoad Time = Aug 28 2018 14:54:13
* ds
* SeacatPlus V 1.4D  SERIAL NO. 4708    28 Aug 2018  13:35:42
# nquan = 11
# nvalues = 1445                                  
# units = specified
# name 0 = depFM: Depth [fresh water, m]
# name 1 = tv290C: Temperature [ITS-90, deg C]
# name 2 = sbeox0Mg/L: Oxygen, SBE 43 [mg/l]
# name 3 = sbeox0PS: Oxygen, SBE 43 [% saturation]
# name 4 = specc: Specific Conductance [uS/cm]
# name 5 = c0uS/cm: Conductivity [uS/cm]
# name 6 = sal00: Salinity, Practical [PSU]
# name 7 = obsscufa: OBS, Turner SCUFA [NTU]
# name 8 = flScufa: Fluorescence, Turner SCUFA [ug/L]
# name 9 = f1: Frequency 1
# name 10 = flag:  0.000e+00
# span 0 =     -0.667,     97.154                 
# span 1 =     4.0549,    17.5029                 
# span 2 =     6.7586,    10.9382                 
# span 3 =     70.409,    106.847                 
# span 4 =      2.663,    185.426                 
# span 5 =   2.165779, 107.754734                 
# span 6 =     0.0084,     0.0826                 
# span 7 =     0.2533,     0.7416                 
# span 8 =     1.0523,     1.7237                 
# span 9 =   2839.551,   2853.953                 
# span 10 = 0.0000e+00, 0.0000e+00                
# interval = seconds: 0.25
# start_time = Aug 27 2018 18:05:39 [Instrument's time stamp, header]
# bad_flag = -9.990e-29
*END*
[from data line 1050]
     65.431     4.0982    10.5664     80.863    177.307 103.189911     0.0790     0.2716     1.3037   2853.332  0.000e+00
     65.532     4.0973    10.5627     80.832    177.461 103.276025     0.0791     0.2716     1.3001   2853.344  0.000e+00
     65.610     4.0967    10.5620     80.826    177.465 103.276026     0.0791     0.2716     1.3025   2853.344  0.000e+00
     65.661     4.0956    10.5640     80.839    177.668 103.390845     0.0791     0.2747     1.3013   2853.359  0.000e+00
     65.695     4.0947    10.5689     80.874    177.329 103.189914     0.0790     0.2625     1.3233   2853.332  0.000e+00
     65.729     4.0949    10.5774     80.940    177.476 103.276028     0.0791     0.2747     1.3245   2853.344  0.000e+00
     65.783     4.0945    10.5828     80.980    177.478 103.276028     0.0791     0.2777     1.3257   2853.344  0.000e+00
     65.856     4.0942    10.5906     81.039    177.775 103.448257     0.0792     0.2777     1.3220   2853.367  0.000e+00
     65.955     4.0946    10.5989     81.104    177.477 103.276030     0.0791     0.2747     1.3013   2853.344  0.000e+00
     66.079     4.0944    10.6040     81.142    177.479 103.276031     0.0791     0.2686     1.3001   2853.344  0.000e+00
     66.224     4.0941    10.6051     81.150    177.431 103.247328     0.0790     0.2716     1.3013   2853.340  0.000e+00
     66.355     4.0942    10.6074     81.168    177.479 103.276034     0.0791     0.2686     1.3013   2853.344  0.000e+00
     66.459     4.0943    10.6106     81.193    177.479 103.276035     0.0791     0.2808     1.3013   2853.344  0.000e+00
     66.530     4.0938    10.6066     81.161    177.482 103.276036     0.0791     0.2655     1.3001   2853.344  0.000e+00
     66.577     4.0941    10.6113     81.198    177.480 103.276036     0.0791     0.2838     1.2988   2853.344  0.000e+00
     66.611     4.0940    10.6106     81.192    177.481 103.276037     0.0791     0.2686     1.3013   2853.344  0.000e+00
     66.644     4.0938    10.6064     81.160    177.482 103.276037     0.0791     0.2655     1.2976   2853.344  0.000e+00
     66.697     4.0938    10.6022     81.127    177.432 103.247333     0.0790     0.2716     1.3001   2853.340  0.000e+00
     66.772     4.0938    10.5996     81.107    177.482 103.276038     0.0791     0.2716     1.3037   2853.344  0.000e+00
     66.868     4.0939    10.5951     81.073    177.777 103.448267     0.0792     0.2777     1.2988   2853.367  0.000e+00
     66.979     4.0931    10.5956     81.076    177.782 103.448268     0.0792     0.2716     1.3013   2853.367  0.000e+00
     67.090     4.0917    10.5930     81.053    177.643 103.362156     0.0791     0.2777     1.3025   2853.355  0.000e+00
     67.203     4.0913    10.5903     81.031    177.793 103.448271     0.0792     0.2716     1.3025   2853.367  0.000e+00
     67.316     4.0910    10.5910     81.036    177.844 103.476977     0.0792     0.2716     1.2988   2853.371  0.000e+00
     67.424     4.0904    10.5980     81.088    177.799 103.448273     0.0792     0.2777     1.2988   2853.367  0.000e+00
     67.513     4.0907    10.5948     81.064    177.649 103.362160     0.0791     0.2716     1.3050   2853.355  0.000e+00
     67.578     4.0906    10.5955     81.069    177.946 103.534389     0.0793     0.2808     1.3025   2853.379  0.000e+00
     67.619     4.0904    10.5932     81.052    177.947 103.534390     0.0793     0.2747     1.3001   2853.379  0.000e+00
     67.644     4.0909    10.5934     81.054    177.648 103.362161     0.0791     0.2747     1.3013   2853.355  0.000e+00
     67.668     4.0910    10.5936     81.055    177.943 103.534390     0.0793     0.2655     1.2988   2853.379  0.000e+00
     67.719     4.0912    10.5939     81.058    177.695 103.390867     0.0792     0.2716     1.3050   2853.359  0.000e+00
     67.817     4.0922    10.5934     81.057    177.936 103.534391     0.0793     0.2747     1.3025   2853.379  0.000e+00
     67.953     4.0917    10.5886     81.018    177.643 103.362164     0.0791     0.2747     1.3013   2853.355  0.000e+00
     68.100     4.0911    10.5854     80.993    177.943 103.534394     0.0793     0.2564     1.3025   2853.379  0.000e+00
     68.232     4.0909    10.5889     81.019    178.092 103.620510     0.0793     0.2625     1.2988   2853.391  0.000e+00
     68.335     4.0903    10.5912     81.036    177.947 103.534397     0.0793     0.2655     1.2976   2853.379  0.000e+00
     68.410     4.0892    10.5921     81.041    178.250 103.706627     0.0794     0.2747     1.3025   2853.402  0.000e+00
     68.461     4.0881    10.5969     81.075    178.109 103.620513     0.0793     0.2747     1.3025   2853.391  0.000e+00
     68.504     4.0868    10.5931     81.043    178.265 103.706629     0.0794     0.2747     1.2988   2853.402  0.000e+00
     68.557     4.0861    10.5875     80.999    178.516 103.850156     0.0795     0.2808     1.3013   2853.422  0.000e+00
     68.633     4.0855    10.5879     81.000    178.372 103.764041     0.0795     0.2716     1.3050   2853.410  0.000e+00
     68.717     4.0838    10.5812     80.945    178.678 103.936274     0.0796     0.2655     1.3025   2853.434  0.000e+00
     68.792     4.0831    10.5725     80.878    178.534 103.850159     0.0795     0.2686     1.3025   2853.422  0.000e+00
     68.865     4.0829    10.5643     80.814    178.536 103.850160     0.0795     0.2716     1.3001   2853.422  0.000e+00
     68.933     4.0818    10.5640     80.810    178.542 103.850161     0.0795     0.2747     1.3050   2853.422  0.000e+00
     69.008     4.0819    10.5576     80.761    178.690 103.936278     0.0796     0.2686     1.3013   2853.434  0.000e+00
     69.098     4.0818    10.5593     80.774    178.839 104.022395     0.0797     0.2686     1.3013   2853.445  0.000e+00
     69.220     4.0811    10.5504     80.704    178.695 103.936280     0.0796     0.2686     1.3013   2853.434  0.000e+00
     69.364     4.0810    10.5372     80.604    178.695 103.936281     0.0796     0.2838     1.2988   2853.434  0.000e+00
     69.501     4.0808    10.5312     80.557    178.993 104.108516     0.0797     0.2716     1.3001   2853.457  0.000e+00
     69.600     4.0799    10.5177     80.452    179.146 104.194634     0.0798     0.2655     1.3001   2853.469  0.000e+00
     69.654     4.0796    10.5110     80.400    178.951 104.079812     0.0797     0.2716     1.3037   2853.453  0.000e+00
     69.662     4.0792    10.5098     80.389    179.151 104.194635     0.0798     0.2686     1.3025   2853.469  0.000e+00
     69.659     4.0784    10.5100     80.390    179.007 104.108518     0.0797     0.2838     1.3025   2853.457  0.000e+00
     69.676     4.0799    10.5128     80.415    178.850 104.022401     0.0797     0.2625     1.3001   2853.445  0.000e+00
     69.733     4.0809    10.5178     80.455    179.140 104.194635     0.0798     0.2747     1.3050   2853.469  0.000e+00
     69.842     4.0805    10.5295     80.544    179.143 104.194637     0.0798     0.2716     1.3220   2853.469  0.000e+00
     69.997     4.0799    10.5295     80.542    178.998 104.108521     0.0797     0.2777     1.3257   2853.457  0.000e+00
     70.153     4.0790    10.5277     80.526    179.103 104.165934     0.0798     0.2747     1.3233   2853.465  0.000e+00
     70.292     4.0780    10.5227     80.486    179.158 104.194642     0.0798     0.2655     1.3233   2853.469  0.000e+00
     70.402     4.0786    10.5139     80.420    179.303 104.280760     0.0799     0.2686     1.3037   2853.480  0.000e+00
     70.484     4.0787    10.5124     80.409    179.302 104.280761     0.0799     0.2655     1.3013   2853.480  0.000e+00
     70.542     4.0791    10.5130     80.415    179.299 104.280761     0.0799     0.2655     1.3025   2853.480  0.000e+00
     70.585     4.0796    10.5100     80.392    179.296 104.280762     0.0799     0.2747     1.3013   2853.480  0.000e+00
     70.630     4.0796    10.5117     80.406    179.346 104.309468     0.0799     0.2747     1.3037   2853.484  0.000e+00
     70.694     4.0795    10.5090     80.384    179.445 104.366880     0.0799     0.2625     1.3001   2853.492  0.000e+00
     70.774     4.0798    10.5058     80.361    179.295 104.280763     0.0799     0.2808     1.3025   2853.480  0.000e+00
     70.857     4.0792    10.5010     80.323    179.447 104.366882     0.0799     0.2716     1.3025   2853.492  0.000e+00
     70.955     4.0792    10.4954     80.279    179.299 104.280765     0.0799     0.2625     1.3001   2853.480  0.000e+00
     71.058     4.0794    10.4871     80.217    179.593 104.453002     0.0800     0.2808     1.3074   2853.504  0.000e+00
     71.176     4.0796    10.4863     80.211    179.296 104.280767     0.0799     0.2747     1.3037   2853.480  0.000e+00
     71.286     4.0807    10.4837     80.194    179.487 104.395592     0.0800     0.2686     1.3037   2853.496  0.000e+00
     71.387     4.0810    10.4825     80.185    179.584 104.453005     0.0800     0.2747     1.3001   2853.504  0.000e+00
     71.483     4.0803    10.4860     80.210    179.440 104.366888     0.0799     0.2594     1.3025   2853.492  0.000e+00
     71.566     4.0802    10.4815     80.176    179.441 104.366889     0.0799     0.2808     1.3013   2853.492  0.000e+00
     71.635     4.0801    10.4717     80.101    179.885 104.625245     0.0801     0.2716     1.3001   2853.527  0.000e+00
     71.701     4.0800    10.4868     80.216    179.590 104.453008     0.0800     0.2625     1.3001   2853.504  0.000e+00
     71.768     4.0805    10.4733     80.113    179.587 104.453009     0.0800     0.2716     1.3037   2853.504  0.000e+00
     71.842     4.0806    10.4708     80.094    179.636 104.481716     0.0800     0.2716     1.3025   2853.508  0.000e+00
     71.917     4.0804    10.4652     80.051    179.587 104.453010     0.0800     0.2808     1.3025   2853.504  0.000e+00
     71.995     4.0807    10.4584     80.000    179.586 104.453011     0.0800     0.2716     1.3233   2853.504  0.000e+00
     72.081     4.0805    10.4587     80.002    179.587 104.453012     0.0800     0.2716     1.3220   2853.504  0.000e+00
     72.190     4.0799    10.4561     79.981    179.738 104.539132     0.0801     0.2747     1.3220   2853.516  0.000e+00
     72.311     4.0806    10.4513     79.945    179.735 104.539133     0.0801     0.2716     1.3208   2853.516  0.000e+00
     72.429     4.0803    10.4508     79.941    179.736 104.539134     0.0801     0.2716     1.3013   2853.516  0.000e+00
     72.535     4.0798    10.4536     79.961    179.887 104.625254     0.0801     0.2686     1.3013   2853.527  0.000e+00
     72.612     4.0797    10.4552     79.973    179.592 104.453017     0.0800     0.2564     1.3037   2853.504  0.000e+00
     72.668     4.0792    10.4555     79.975    179.891 104.625255     0.0801     0.2686     1.3037   2853.527  0.000e+00
     72.706     4.0786    10.4582     79.994    179.747 104.539137     0.0801     0.2625     1.3220   2853.516  0.000e+00
     72.745     4.0793    10.4572     79.988    179.742 104.539137     0.0801     0.2869     1.3196   2853.516  0.000e+00
     72.798     4.0791    10.4581     79.994    179.744 104.539138     0.0801     0.2716     1.3220   2853.516  0.000e+00
     72.889     4.0786    10.4560     79.977    179.895 104.625258     0.0801     0.2716     1.3269   2853.527  0.000e+00
     73.007     4.0788    10.4512     79.941    179.647 104.481728     0.0800     0.2747     1.3013   2853.508  0.000e+00
     73.137     4.0785    10.4482     79.918    179.747 104.539141     0.0801     0.2594     1.3025   2853.516  0.000e+00
     73.264     4.0779    10.4434     79.879    179.899 104.625262     0.0801     0.2625     1.3001   2853.527  0.000e+00
     73.376     4.0783    10.4432     79.878    179.897 104.625263     0.0801     0.2808     1.2988   2853.527  0.000e+00
     73.481     4.0779    10.4404     79.857    179.751 104.539145     0.0801     0.2808     1.3037   2853.516  0.000e+00
     73.558     4.0771    10.4369     79.828    179.756 104.539146     0.0801     0.2716     1.3013   2853.516  0.000e+00
     73.616     4.0776    10.4358     79.821    179.753 104.539146     0.0801     0.2777     1.3025   2853.516  0.000e+00
     73.664     4.0774    10.4347     79.812    179.754 104.539147     0.0801     0.2686     1.3050   2853.516  0.000e+00
     73.710     4.0774    10.4314     79.786    179.902 104.625266     0.0801     0.2686     1.3196   2853.527  0.000e+00
     73.763     4.0776    10.4302     79.778    180.049 104.711386     0.0802     0.2655     1.3220   2853.539  0.000e+00
     73.829     4.0774    10.4210     79.707    179.902 104.625267     0.0801     0.2777     1.3220   2853.527  0.000e+00
     73.911     4.0772    10.4131     79.647    179.755 104.539149     0.0801     0.2655     1.3208   2853.516  0.000e+00
     74.019     4.0777    10.4139     79.653    180.048 104.711388     0.0802     0.2625     1.3208   2853.539  0.000e+00
     74.144     4.0771    10.4101     79.623    179.756 104.539152     0.0801     0.2655     1.3208   2853.516  0.000e+00
     74.279     4.0766    10.4125     79.640    180.055 104.711391     0.0802     0.2747     1.3233   2853.539  0.000e+00
     74.403     4.0762    10.4115     79.631    179.910 104.625274     0.0801     0.2777     1.3220   2853.527  0.000e+00
     74.498     4.0743    10.4154     79.658    179.921 104.625275     0.0802     0.2716     1.3001   2853.527  0.000e+00
     74.564     4.0738    10.4175     79.673    180.073 104.711395     0.0802     0.2655     1.3025   2853.539  0.000e+00
     74.605     4.0741    10.4145     79.651    180.071 104.711395     0.0802     0.2716     1.3025   2853.539  0.000e+00
     74.643     4.0733    10.4159     79.660    180.520 104.969756     0.0804     0.2655     1.3025   2853.574  0.000e+00
     74.694     4.0735    10.4152     79.654    180.173 104.768810     0.0803     0.2747     1.3208   2853.547  0.000e+00
     74.770     4.0736    10.4144     79.649    180.222 104.797517     0.0803     0.2747     1.3245   2853.551  0.000e+00
     74.875     4.0725    10.4106     79.617    180.229 104.797518     0.0803     0.2808     1.3208   2853.551  0.000e+00
     74.993     4.0725    10.4072     79.591    180.377 104.883639     0.0804     0.2838     1.3245   2853.563  0.000e+00
     75.112     4.0725    10.4063     79.584    180.229 104.797521     0.0803     0.2747     1.3013   2853.551  0.000e+00
     75.220     4.0720    10.4015     79.547    180.232 104.797522     0.0803     0.2716     1.2976   2853.551  0.000e+00
     75.323     4.0718    10.3991     79.528    180.381 104.883643     0.0804     0.2777     1.3025   2853.563  0.000e+00
     75.412     4.0719    10.3941     79.490    180.331 104.854937     0.0803     0.2625     1.3050   2853.559  0.000e+00
     75.485     4.0715    10.3840     79.412    180.235 104.797525     0.0803     0.2686     1.2988   2853.551  0.000e+00
     75.540     4.0715    10.3750     79.343    180.235 104.797525     0.0803     0.2655     1.2988   2853.551  0.000e+00
     75.595     4.0719    10.3721     79.322    180.381 104.883646     0.0804     0.2686     1.3050   2853.563  0.000e+00
     75.657     4.0715    10.3604     79.231    180.679 105.055887     0.0805     0.2716     1.3013   2853.586  0.000e+00
     75.731     4.0715    10.3532     79.176    180.383 104.883647     0.0804     0.2655     1.3208   2853.563  0.000e+00
     75.822     4.0720    10.3451     79.115    180.528 104.969768     0.0804     0.2716     1.3245   2853.574  0.000e+00
     75.929     4.0710    10.3444     79.108    180.485 104.941063     0.0804     0.2747     1.3233   2853.570  0.000e+00
     76.045     4.0713    10.3472     79.130    180.384 104.883650     0.0804     0.2686     1.3184   2853.563  0.000e+00
     76.161     4.0716    10.3534     79.178    180.382 104.883651     0.0804     0.2747     1.3245   2853.563  0.000e+00
     76.257     4.0712    10.3545     79.185    180.533 104.969773     0.0804     0.2747     1.3208   2853.574  0.000e+00
