inst/extdata/bad ctd/2018/KL1_AR1_Badly_named_file_2.cnv
* Sea-Bird SBE19plus Data File:
* FileName = C:\Users\FWCP_NRP\Documents\Seabird\Data\Kootenay\2018\KL_27Aug2018\KL_27Aug2018008.hex
* Software Version 1.59
* Temperature SN =  4708
* Conductivity SN =  4708
* System UpLoad Time = Aug 28 2018 14:54:13
* ds
* SeacatPlus V 1.4D  SERIAL NO. 4708    28 Aug 2018  13:35:42
# nquan = 11
# nvalues = 1445                                  
# units = specified
# name 0 = depFM: Depth [fresh water, m]
# name 1 = tv290C: Temperature [ITS-90, deg C]
# name 2 = sbeox0Mg/L: Oxygen, SBE 43 [mg/l]
# name 3 = sbeox0PS: Oxygen, SBE 43 [% saturation]
# name 4 = specc: Specific Conductance [uS/cm]
# name 5 = c0uS/cm: Conductivity [uS/cm]
# name 6 = sal00: Salinity, Practical [PSU]
# name 7 = obsscufa: OBS, Turner SCUFA [NTU]
# name 8 = flScufa: Fluorescence, Turner SCUFA [ug/L]
# name 9 = f1: Frequency 1
# name 10 = flag:  0.000e+00
# span 0 =     -0.667,     97.154                 
# span 1 =     4.0549,    17.5029                 
# span 2 =     6.7586,    10.9382                 
# span 3 =     70.409,    106.847                 
# span 4 =      2.663,    185.426                 
# span 5 =   2.165779, 107.754734                 
# span 6 =     0.0084,     0.0826                 
# span 7 =     0.2533,     0.7416                 
# span 8 =     1.0523,     1.7237                 
# span 9 =   2839.551,   2853.953                 
# span 10 = 0.0000e+00, 0.0000e+00                
# interval = seconds: 0.25
# start_time = Aug 27 2018 18:05:39 [Instrument's time stamp, header]
# bad_flag = -9.990e-29
*END*
[from data line 656]
     32.046     4.7821    10.9091     84.986    163.019  97.104950     0.0730     0.2716     1.1157   2852.504  0.000e+00
     32.163     4.7725    10.9077     84.954    163.361  97.277130     0.0731     0.2808     1.1182   2852.527  0.000e+00
     32.283     4.7646    10.8978     84.859    163.260  97.191045     0.0731     0.2747     1.1157   2852.516  0.000e+00
     32.390     4.7590    10.8920     84.801    163.387  97.248440     0.0731     0.2747     1.1109   2852.523  0.000e+00
     32.485     4.7499    10.8877     84.747    163.630  97.363228     0.0732     0.2716     1.1157   2852.539  0.000e+00
     32.563     4.7311    10.8833     84.672    163.733  97.363235     0.0733     0.2716     1.1157   2852.539  0.000e+00
     32.626     4.7104    10.8826     84.621    163.992  97.449331     0.0734     0.2747     1.1157   2852.551  0.000e+00
     32.684     4.6941    10.8878     84.626    163.938  97.363248     0.0733     0.2747     1.1145   2852.539  0.000e+00
     32.740     4.6820    10.8892     84.610    164.004  97.363252     0.0734     0.2716     1.1133   2852.539  0.000e+00
     32.796     4.6740    10.8919     84.613    164.339  97.535433     0.0735     0.2808     1.1170   2852.563  0.000e+00
     32.862     4.6687    10.8996     84.662    164.271  97.478043     0.0735     0.2716     1.1182   2852.555  0.000e+00
     32.943     4.6639    10.8999     84.654    164.250  97.449349     0.0735     0.2655     1.1157   2852.551  0.000e+00
     33.045     4.6585    10.9034     84.669    164.279  97.449351     0.0735     0.2655     1.1109   2852.551  0.000e+00
     33.164     4.6535    10.9054     84.674    164.694  97.678926     0.0737     0.2655     1.1170   2852.582  0.000e+00
     33.287     4.6451    10.9113     84.701    164.741  97.678930     0.0737     0.2747     1.1182   2852.582  0.000e+00
     33.402     4.6364    10.9096     84.668    164.935  97.765024     0.0738     0.2777     1.1109   2852.594  0.000e+00
     33.502     4.6316    10.9081     84.646    164.961  97.765026     0.0738     0.2594     1.1218   2852.594  0.000e+00
     33.576     4.6290    10.9036     84.606    164.879  97.707634     0.0737     0.2625     1.1170   2852.586  0.000e+00
     33.633     4.6273    10.8987     84.564    164.840  97.678939     0.0737     0.2564     1.1353   2852.582  0.000e+00
     33.686     4.6264    10.8980     84.556    164.845  97.678940     0.0737     0.2777     1.1328   2852.582  0.000e+00
     33.749     4.6260    10.8946     84.529    164.750  97.621547     0.0737     0.2716     1.1377   2852.574  0.000e+00
     33.847     4.6260    10.8925     84.513    164.751  97.621548     0.0737     0.2777     1.1341   2852.574  0.000e+00
     33.969     4.6251    10.8913     84.502    164.852  97.678943     0.0737     0.2777     1.1402   2852.582  0.000e+00
     34.102     4.6238    10.8957     84.533    164.859  97.678944     0.0737     0.2716     1.1341   2852.582  0.000e+00
     34.221     4.6223    10.9009     84.570    165.013  97.765036     0.0738     0.2564     1.1377   2852.594  0.000e+00
     34.322     4.6219    10.9075     84.620    164.870  97.678947     0.0737     0.2716     1.1341   2852.582  0.000e+00
     34.397     4.6198    10.9113     84.645    165.318  97.937220     0.0739     0.2655     1.1170   2852.617  0.000e+00
     34.453     4.6156    10.9215     84.715    165.051  97.765040     0.0738     0.2625     1.1170   2852.594  0.000e+00
     34.504     4.6122    10.9256     84.740    165.215  97.851132     0.0739     0.2655     1.1157   2852.605  0.000e+00
     34.556     4.6105    10.9291     84.763    165.224  97.851133     0.0739     0.2716     1.1109   2852.605  0.000e+00
     34.629     4.6096    10.9377     84.827    165.084  97.765044     0.0738     0.2686     1.1341   2852.594  0.000e+00
     34.726     4.6090    10.9372     84.822    165.087  97.765045     0.0738     0.2716     1.1353   2852.594  0.000e+00
     34.852     4.6081    10.9382     84.828    165.238  97.851137     0.0739     0.2747     1.1353   2852.605  0.000e+00
     34.998     4.6060    10.9324     84.779    165.395  97.937230     0.0739     0.2777     1.1353   2852.617  0.000e+00
     35.132     4.6041    10.9312     84.765    165.406  97.937232     0.0739     0.2686     1.1389   2852.617  0.000e+00
     35.256     4.6030    10.9209     84.683    165.266  97.851142     0.0739     0.2716     1.1341   2852.605  0.000e+00
     35.355     4.6010    10.9154     84.635    165.423  97.937235     0.0740     0.2655     1.1353   2852.617  0.000e+00
     35.422     4.5982    10.9061     84.557    165.584  98.023327     0.0740     0.2777     1.1377   2852.629  0.000e+00
     35.468     4.5934    10.9042     84.532    165.562  97.994632     0.0740     0.2686     1.1402   2852.625  0.000e+00
     35.505     4.5905    10.9047     84.530    165.481  97.937239     0.0740     0.2716     1.1328   2852.617  0.000e+00
     35.551     4.5900    10.9104     84.573    165.484  97.937240     0.0740     0.2716     1.1377   2852.617  0.000e+00
     35.609     4.5902    10.9087     84.560    165.483  97.937240     0.0740     0.2777     1.1341   2852.617  0.000e+00
     35.696     4.5894    10.9110     84.576    165.342  97.851151     0.0739     0.2777     1.1341   2852.605  0.000e+00
     35.815     4.5874    10.9142     84.597    165.644  98.023334     0.0740     0.2655     1.1353   2852.629  0.000e+00
     35.967     4.5850    10.9138     84.588    165.512  97.937245     0.0740     0.2625     1.1377   2852.617  0.000e+00
     36.125     4.5850    10.9121     84.575    165.609  97.994641     0.0740     0.2686     1.1353   2852.625  0.000e+00
     36.267     4.5849    10.9136     84.586    165.513  97.937248     0.0740     0.2747     1.1341   2852.617  0.000e+00
     36.363     4.5822    10.9161     84.600    165.528  97.937250     0.0740     0.2777     1.1377   2852.617  0.000e+00
     36.419     4.5802    10.9252     84.666    165.394  97.851160     0.0739     0.2747     1.1341   2852.605  0.000e+00
     36.442     4.5788    10.9276     84.682    165.693  98.023343     0.0741     0.2716     1.1353   2852.629  0.000e+00
     36.459     4.5788    10.9325     84.719    165.547  97.937252     0.0740     0.2655     1.1609   2852.617  0.000e+00
     36.504     4.5802    10.9375     84.762    165.539  97.937252     0.0740     0.2686     1.1585   2852.617  0.000e+00
     36.590     4.5830    10.9358     84.755    165.620  97.994646     0.0740     0.2716     1.1585   2852.625  0.000e+00
     36.718     4.5850    10.9333     84.740    165.512  97.937252     0.0740     0.2777     1.1499   2852.617  0.000e+00
     36.864     4.5863    10.9301     84.717    165.360  97.851162     0.0739     0.2716     1.1560   2852.605  0.000e+00
     37.011     4.5837    10.9291     84.704    165.520  97.937255     0.0740     0.2686     1.1585   2852.617  0.000e+00
     37.144     4.5760    10.9242     84.649    165.854  98.109442     0.0741     0.2716     1.1560   2852.641  0.000e+00
     37.249     4.5704    10.9174     84.584    165.740  98.023353     0.0741     0.2655     1.1585   2852.629  0.000e+00
     37.323     4.5677    10.9131     84.544    165.755  98.023355     0.0741     0.2747     1.1585   2852.629  0.000e+00
     37.377     4.5669    10.9056     84.485    165.613  97.937264     0.0740     0.2716     1.1572   2852.617  0.000e+00
     37.426     4.5663    10.9087     84.507    165.471  97.851174     0.0739     0.2686     1.1560   2852.605  0.000e+00
     37.474     4.5666    10.9055     84.484    165.615  97.937265     0.0740     0.2655     1.1548   2852.617  0.000e+00
     37.537     4.5677    10.9083     84.508    165.609  97.937265     0.0740     0.2625     1.1768   2852.617  0.000e+00
     37.612     4.5679    10.9162     84.569    165.754  98.023357     0.0741     0.2655     1.1719   2852.629  0.000e+00
     37.719     4.5671    10.9243     84.630    165.758  98.023358     0.0741     0.2716     1.1743   2852.629  0.000e+00
     37.837     4.5670    10.9309     84.681    165.613  97.937268     0.0740     0.2655     1.1817   2852.617  0.000e+00
     37.963     4.5669    10.9351     84.713    165.711  97.994664     0.0741     0.2716     1.1524   2852.625  0.000e+00
     38.089     4.5664    10.9381     84.736    165.762  98.023362     0.0741     0.2747     1.1572   2852.629  0.000e+00
     38.199     4.5661    10.9352     84.712    165.618  97.937272     0.0740     0.2686     1.1633   2852.617  0.000e+00
     38.294     4.5665    10.9356     84.716    165.762  98.023364     0.0741     0.2686     1.1585   2852.629  0.000e+00
     38.372     4.5662    10.9319     84.687    165.909  98.109456     0.0741     0.2777     1.1585   2852.641  0.000e+00
     38.437     4.5636    10.9243     84.622    165.924  98.109458     0.0741     0.2655     1.1548   2852.641  0.000e+00
     38.503     4.5604    10.9238     84.611    166.087  98.195551     0.0742     0.2716     1.1585   2852.652  0.000e+00
     38.577     4.5584    10.9237     84.607    165.904  98.080763     0.0741     0.2716     1.1572   2852.637  0.000e+00
     38.662     4.5589    10.9214     84.590    166.095  98.195553     0.0742     0.2747     1.1585   2852.652  0.000e+00
     38.761     4.5568    10.9267     84.626    166.253  98.281647     0.0743     0.2686     1.1560   2852.664  0.000e+00
     38.859     4.5536    10.9274     84.625    166.125  98.195557     0.0742     0.2777     1.1572   2852.652  0.000e+00
     38.945     4.5526    10.9261     84.612    166.131  98.195558     0.0742     0.2594     1.1572   2852.652  0.000e+00
     39.028     4.5531    10.9257     84.610    166.128  98.195559     0.0742     0.2838     1.1768   2852.652  0.000e+00
     39.108     4.5550    10.9297     84.645    166.117  98.195559     0.0742     0.2716     1.1768   2852.652  0.000e+00
     39.192     4.5568    10.9266     84.626    166.059  98.166862     0.0742     0.2747     1.1780   2852.648  0.000e+00
     39.286     4.5574    10.9262     84.623    165.958  98.109468     0.0742     0.2655     1.1768   2852.641  0.000e+00
     39.383     4.5575    10.9151     84.538    165.957  98.109468     0.0742     0.2777     1.1743   2852.641  0.000e+00
     39.474     4.5562    10.9103     84.498    166.110  98.195562     0.0742     0.2747     1.1817   2852.652  0.000e+00
     39.553     4.5536    10.9108     84.496    166.271  98.281656     0.0743     0.2777     1.1780   2852.664  0.000e+00
     39.619     4.5524    10.9015     84.421    165.986  98.109472     0.0742     0.2747     1.1743   2852.641  0.000e+00
     39.682     4.5497    10.9073     84.460    166.439  98.367751     0.0744     0.2777     1.1792   2852.676  0.000e+00
     39.752     4.5482    10.9055     84.443    166.350  98.310357     0.0743     0.2777     1.1743   2852.668  0.000e+00
     39.842     4.5476    10.9122     84.494    166.305  98.281660     0.0743     0.2808     1.1792   2852.664  0.000e+00
     39.946     4.5460    10.9178     84.533    166.313  98.281662     0.0743     0.2625     1.1768   2852.664  0.000e+00
     40.057     4.5442    10.9298     84.623    166.615  98.453849     0.0744     0.2716     1.1768   2852.688  0.000e+00
     40.170     4.5353    10.9255     84.570    166.811  98.539947     0.0745     0.2747     1.1780   2852.699  0.000e+00
     40.272     4.5264    10.9323     84.603    167.007  98.626044     0.0746     0.2655     1.1768   2852.711  0.000e+00
     40.358     4.5167    10.9318     84.577    166.916  98.539954     0.0746     0.2655     1.1743   2852.699  0.000e+00
     40.436     4.5084    10.9286     84.534    166.963  98.539958     0.0746     0.2625     1.1975   2852.699  0.000e+00
     40.501     4.5039    10.9242     84.491    167.134  98.626053     0.0747     0.2625     1.1963   2852.711  0.000e+00
     40.566     4.5013    10.9198     84.451    167.149  98.626055     0.0747     0.2747     1.1939   2852.711  0.000e+00
     40.645     4.5002    10.9168     84.425    167.156  98.626056     0.0747     0.2716     1.1963   2852.711  0.000e+00
     40.736     4.5002    10.9124     84.391    167.156  98.626057     0.0747     0.2716     1.2000   2852.711  0.000e+00
     40.834     4.4978    10.9123     84.385    167.461  98.798247     0.0748     0.2716     1.1963   2852.734  0.000e+00
     40.936     4.4913    10.9127     84.374    167.498  98.798250     0.0748     0.2594     1.1951   2852.734  0.000e+00
     41.027     4.4862    10.9141     84.373    167.624  98.855649     0.0749     0.2686     1.1963   2852.742  0.000e+00
     41.119     4.4790    10.9108     84.332    167.714  98.884351     0.0749     0.2716     1.2000   2852.746  0.000e+00
     41.201     4.4720    10.9154     84.352    167.900  98.970449     0.0750     0.2655     1.1963   2852.758  0.000e+00
     41.285     4.4667    10.9164     84.349    168.076  99.056547     0.0751     0.2808     1.2000   2852.770  0.000e+00
     41.366     4.4601    10.9163     84.333    168.260  99.142646     0.0751     0.2716     1.1975   2852.781  0.000e+00
     41.449     4.4528    10.9213     84.356    168.301  99.142649     0.0752     0.2655     1.2000   2852.781  0.000e+00
     41.529     4.4469    10.9138     84.285    168.189  99.056556     0.0751     0.2686     1.1975   2852.770  0.000e+00
     41.609     4.4433    10.9114     84.258    168.502  99.228750     0.0752     0.2747     1.1963   2852.793  0.000e+00
     41.695     4.4402    10.9075     84.221    168.374  99.142655     0.0752     0.2747     1.1963   2852.781  0.000e+00
     41.784     4.4378    10.9038     84.187    168.241  99.056561     0.0751     0.2716     1.1963   2852.770  0.000e+00
     41.882     4.4356    10.9034     84.179    168.254  99.056563     0.0751     0.2686     1.1939   2852.770  0.000e+00
     41.978     4.4336    10.9017     84.162    168.265  99.056564     0.0751     0.2716     1.1963   2852.770  0.000e+00
     42.078     4.4309    10.9065     84.194    168.281  99.056566     0.0751     0.2625     1.1926   2852.770  0.000e+00
     42.172     4.4277    10.9091     84.206    168.445  99.142664     0.0752     0.2808     1.1939   2852.781  0.000e+00
     42.265     4.4270    10.9155     84.254    168.303  99.056569     0.0751     0.2594     1.1963   2852.770  0.000e+00
     42.348     4.4255    10.9121     84.225    168.165  98.970475     0.0751     0.2777     1.1975   2852.758  0.000e+00
     42.425     4.4221    10.9145     84.236    168.575  99.200066     0.0753     0.2655     1.2000   2852.789  0.000e+00
     42.488     4.4179    10.9091     84.185    168.501  99.142670     0.0752     0.2716     1.1975   2852.781  0.000e+00
     42.557     4.4149    10.9013     84.118    168.519  99.142672     0.0752     0.2747     1.2012   2852.781  0.000e+00
     42.631     4.4136    10.8985     84.093    168.526  99.142673     0.0752     0.2686     1.1939   2852.781  0.000e+00
     42.723     4.4114    10.8924     84.042    168.539  99.142674     0.0752     0.2716     1.1975   2852.781  0.000e+00
     42.823     4.4081    10.8912     84.025    168.411  99.056580     0.0752     0.2655     1.1914   2852.770  0.000e+00
     42.922     4.4049    10.8887     83.999    168.576  99.142678     0.0752     0.2686     1.1963   2852.781  0.000e+00
     43.012     4.4000    10.8872     83.976    168.604  99.142681     0.0753     0.2716     1.1963   2852.781  0.000e+00
     43.094     4.3945    10.8855     83.951    168.635  99.142683     0.0753     0.2747     1.1975   2852.781  0.000e+00
     43.169     4.3913    10.8892     83.973    168.751  99.200082     0.0753     0.2686     1.2195   2852.789  0.000e+00
     43.249     4.3892    10.8862     83.945    168.666  99.142686     0.0753     0.2716     1.2171   2852.781  0.000e+00
     43.341     4.3868    10.8900     83.970    168.777  99.200086     0.0753     0.2686     1.2195   2852.789  0.000e+00
     43.441     4.3844    10.8890     83.956    168.938  99.286184     0.0754     0.2686     1.2195   2852.801  0.000e+00
