inst/extdata/ctd/2025/KL6_02Sep2025001downcast&upcast.cnv
* Sea-Bird SBE19plus Data File:
* FileName = C:\Users\FWCP_NRP\Documents\Seabird\Data\Kootenay\KLF 2025\9) KL_02-03Sep2025\KL_02-03Sep2025001.hex
* Software Version 1.59
* Temperature SN =  4708
* Conductivity SN =  4708
* System UpLoad Time = Sep 08 2025 13:13:30
** Ship:
** Cruise:
** Station:
** Latitude:
** Longitude:
# nquan = 12
# nvalues = 4771                                  
# units = specified
# name 0 = depFM: Depth [fresh water, m]
# name 1 = tv290C: Temperature [ITS-90, deg C]
# name 2 = sbeox0Mg/L: Oxygen, SBE 43 [mg/l]
# name 3 = sbeox0PS: Oxygen, SBE 43 [% saturation]
# name 4 = specc: Specific Conductance [uS/cm]
# name 5 = c0uS/cm: Conductivity [uS/cm]
# name 6 = sal00: Salinity, Practical [PSU]
# name 7 = obsscufa: OBS, Turner SCUFA [NTU]
# name 8 = flScufa: Fluorescence, Turner SCUFA [ug/L]
# name 9 = f1: Frequency 1
# name 10 = par: PAR/Irradiance, Biospherical/Licor
# name 11 = flag:  0.000e+00
# span 0 =     -0.775,    142.788                 
# span 1 =     4.2178,    28.3418                 
# span 2 =     2.6533,    16.6709                 
# span 3 =     23.023,    134.897                 
# span 4 =      5.574,    203.715                 
# span 5 =   5.947051, 184.469644                 
# span 6 =     0.0116,     0.0923                 
# span 7 =     2.1180,   198.8708                 
# span 8 =     0.4468,    79.5410                 
# span 9 =   2840.074,   2864.336                 
# span 10 = 1.0000e-12, 3.5801e+03                
# span 11 = 0.0000e+00, 0.0000e+00                
# interval = seconds: 0.25
# start_time = Sep 02 2025 16:06:39 [Instrument's time stamp, header]
# bad_flag = -9.990e-29
*END*
[from data line 3970]
     31.697     7.9795    10.2757     86.765    171.763 113.300115     0.0791    22.4826     1.8030   2854.688 3.4456e-01  0.000e+00
     31.638     8.0241    10.2639     86.761    171.662 113.386408     0.0791    22.4949     1.8042   2854.699 3.4854e-01  0.000e+00
     31.576     8.0607    10.2617     86.819    171.211 113.213775     0.0789    22.7237     1.8470   2854.676 3.5838e-01  0.000e+00
     31.514     8.0673    10.2627     86.842    171.307 113.300081     0.0789    22.7268     1.8433   2854.688 3.6185e-01  0.000e+00
     31.448     8.0771    10.2502     86.757    171.257 113.300077     0.0789    22.7298     1.8470   2854.688 3.6469e-01  0.000e+00
     31.381     8.0896    10.2282     86.597    171.583 113.559001     0.0791    22.7817     1.7871   2854.723 3.7042e-01  0.000e+00
     31.313     8.1145    10.2022     86.429    171.715 113.731613     0.0791    22.7909     1.7896   2854.746 3.8539e-01  0.000e+00
     31.244     8.1587    10.1637     86.196    171.226 113.558974     0.0789    22.7756     1.7859   2854.723 3.9587e-01  0.000e+00
     31.173     8.1966    10.1254     85.950    171.290 113.731581     0.0790    22.8611     1.7920   2854.746 4.0631e-01  0.000e+00
     31.107     8.2518    10.0830     85.705    171.135 113.817871     0.0790    22.8672     1.7884   2854.758 4.1255e-01  0.000e+00
     31.044     8.3229    10.0738     85.775    170.511 113.645222     0.0787    22.7420     1.7884   2854.734 4.2749e-01  0.000e+00
     30.978     8.3539    10.0839     85.926    170.611 113.817832     0.0788    22.7176     1.7896   2854.758 4.3390e-01  0.000e+00
     30.913     8.3566    10.1188     86.229    170.338 113.645208     0.0786    22.7268     1.7896   2854.734 4.3540e-01  0.000e+00
     30.840     8.3555    10.1340     86.356    170.474 113.731519     0.0787    22.5345     1.7676   2854.746 4.4677e-01  0.000e+00
     30.796     8.3743    10.1166     86.247    170.507 113.817823     0.0787    22.5376     1.7688   2854.758 4.4984e-01  0.000e+00
     30.738     8.4152    10.1050     86.234    170.556 113.990431     0.0788    22.5254     1.7725   2854.781 4.6418e-01  0.000e+00
     30.680     8.4768    10.0890     86.226    170.629 114.249345     0.0788    22.8367     1.8238   2854.816 4.7244e-01  0.000e+00
     30.618     8.5423    10.0803     86.288    170.039 114.076695     0.0786    22.8305     1.8274   2854.793 4.8440e-01  0.000e+00
     30.555     8.5926    10.0693     86.299    169.655 113.990363     0.0785    22.8183     1.8250   2854.781 4.8820e-01  0.000e+00
     30.492     8.6081    10.0704     86.341    169.577 113.990357     0.0784    22.9709     1.8445   2854.781 4.9535e-01  0.000e+00
     30.429     8.6218    10.0612     86.291    169.637 114.076663     0.0785    22.9831     1.8445   2854.793 5.0715e-01  0.000e+00
     30.367     8.6406    10.0640     86.353    169.670 114.162968     0.0785    22.6780     1.8311   2854.805 5.2551e-01  0.000e+00
     30.307     8.6360    10.0546     86.264    169.778 114.220511     0.0785    22.6780     1.8286   2854.813 5.2375e-01  0.000e+00
     30.239     8.6343    10.0387     86.123    169.830 114.249282     0.0786    22.6719     1.8274   2854.816 5.3134e-01  0.000e+00
     30.176     8.6588     9.9969     85.816    170.091 114.508213     0.0787    22.6261     1.7932   2854.852 5.4781e-01  0.000e+00
     30.111     8.7204     9.9284     85.355    170.164 114.767134     0.0788    22.6352     1.7835   2854.887 5.6507e-01  0.000e+00
     30.046     8.8164     9.8760     85.101    169.553 114.680782     0.0785    22.6291     1.7835   2854.875 5.6472e-01  0.000e+00
     29.981     8.8852     9.8439     84.965    168.954 114.508127     0.0783    22.7298     1.8701   2854.852 5.8027e-01  0.000e+00
     29.916     8.9184     9.7859     84.531    168.916 114.594428     0.0783    22.7176     1.8689   2854.863 6.0023e-01  0.000e+00
     29.849     8.9318     9.6608     83.478    169.231 114.853368     0.0784    22.6322     1.8689   2854.898 6.1174e-01  0.000e+00
     29.785     8.9676     9.4792     81.979    169.052 114.853354     0.0784    22.6383     1.7700   2854.898 6.1486e-01  0.000e+00
     29.723     9.0139     9.0140     78.043    169.034 114.997195     0.0784    22.6322     1.7713   2854.918 6.3236e-01  0.000e+00
     29.661     9.0589     8.1478     70.619    168.599 114.853318     0.0782    22.8244     1.7871   2854.898 6.3713e-01  0.000e+00
     29.596     9.0858     5.2665     45.676    168.677 114.997167     0.0783    22.8275     1.7896   2854.918 6.4115e-01  0.000e+00
     29.541     9.1061     2.6533     23.023    168.576 114.997159     0.0782    22.8244     1.7945   2854.918 6.5504e-01  0.000e+00
     29.478     9.1319     5.1971     45.124    168.407 114.968377     0.0782    22.7817     1.7700   2854.914 6.6705e-01  0.000e+00
     29.420     9.1495     7.3315     63.682    168.615 115.169774     0.0783    22.7726     1.7627   2854.941 6.7475e-01  0.000e+00
     29.358     9.1805     8.4954     73.847    168.714 115.342396     0.0783    22.7817     1.7713   2854.965 6.8432e-01  0.000e+00
     29.291     9.2346     9.5033     82.714    168.069 115.083424     0.0781    22.6780     1.7688   2854.930 6.9847e-01  0.000e+00
     29.225     9.2688    11.1891     97.467    168.532 115.514997     0.0783    22.6902     1.7676   2854.988 7.1259e-01  0.000e+00
     29.155     9.3144    12.2525    106.846    168.559 115.687617     0.0783    22.6841     1.7932   2855.012 7.2118e-01  0.000e+00
     29.083     9.3682    13.0460    113.912    168.379 115.745141     0.0783    22.6749     1.7871   2855.020 7.4915e-01  0.000e+00
     29.014     9.4109    12.4239    108.591    168.212 115.773898     0.0782    22.6780     1.7871   2855.023 7.5678e-01  0.000e+00
     28.951     9.4654    10.8098     94.606    167.946 115.773877     0.0781    22.9221     1.8640   2855.023 7.8100e-01  0.000e+00
     28.894     9.5082    10.3804     90.940    167.737 115.773860     0.0780    22.9160     1.8689   2855.023 7.8347e-01  0.000e+00
     28.837     9.5345    10.4854     91.917    167.734 115.860169     0.0781    22.9160     1.8665   2855.035 7.9879e-01  0.000e+00
     28.784     9.5462    10.4942     92.020    167.677 115.860164     0.0780    22.7756     1.7664   2855.035 8.1485e-01  0.000e+00
     28.725     9.5547    10.3302     90.600    167.637 115.860160     0.0780    22.7695     1.7688   2855.035 8.2989e-01  0.000e+00
     28.664     9.5540    10.3493     90.766    167.681 115.888933     0.0780    22.7817     1.7713   2855.039 8.4385e-01  0.000e+00
     28.589     9.5669    10.2813     90.198    168.451 116.464399     0.0784    23.2700     1.8274   2855.117 8.6291e-01  0.000e+00
     28.517     9.6257    10.1944     89.560    168.497 116.694569     0.0785    23.2731     1.8274   2855.148 8.7139e-01  0.000e+00
     28.436     9.7179    10.0731     88.688    168.547 117.039827     0.0785    22.6871     1.7713   2855.195 8.9711e-01  0.000e+00
     28.362     9.8207     9.9868     88.143    168.173 117.126112     0.0784    22.6871     1.7664   2855.207 9.0202e-01  0.000e+00
     28.293     9.9155     9.9489     88.005    167.716 117.126075     0.0782    22.6658     1.7725   2855.207 9.1957e-01  0.000e+00
     28.231     9.9766     9.9465     88.110    167.423 117.126051     0.0781    22.5803     1.8494   2855.207 9.3162e-01  0.000e+00
     28.171    10.0118     9.9531     88.242    167.008 116.953389     0.0780    22.5864     1.8482   2855.184 9.5117e-01  0.000e+00
     28.112    10.0326     9.9595     88.341    166.786 116.867056     0.0779    22.5864     1.8506   2855.172 9.6303e-01  0.000e+00
     28.048    10.0260     9.9251     88.023    166.817 116.867058     0.0779    22.6291     1.8482   2855.172 9.8755e-01  0.000e+00
     27.990    10.0159     9.8844     87.641    166.989 116.953385     0.0780    22.6291     1.8470   2855.184 9.9944e-01  0.000e+00
     27.926    10.0293     9.8378     87.255    167.171 117.126028     0.0780    22.6261     1.8457   2855.207 1.0254e+00  0.000e+00
     27.858    10.0696     9.7896     86.910    166.979 117.126012     0.0780    22.6810     1.8897   2855.207 1.0381e+00  0.000e+00
     27.784    10.1083     9.7663     86.783    166.795 117.125996     0.0779    22.6780     1.8885   2855.207 1.0538e+00  0.000e+00
     27.705    10.1373     9.7447     86.649    167.395 117.643938     0.0782    23.1662     1.8262   2855.277 1.0800e+00  0.000e+00
     27.628    10.2096     9.7322     86.686    167.419 117.902891     0.0782    23.1632     1.8274   2855.313 1.0975e+00  0.000e+00
     27.557    10.3064     9.7352     86.910    166.959 117.902853     0.0781    23.1662     1.8262   2855.313 1.1208e+00  0.000e+00
     27.492    10.3883     9.7478     87.189    166.329 117.730166     0.0778    22.5437     1.8470   2855.289 1.1372e+00  0.000e+00
     27.435    10.4279     9.7726     87.492    166.021 117.643824     0.0777    22.5315     1.8457   2855.277 1.1534e+00  0.000e+00
     27.381    10.4227     9.7822     87.567    165.802 117.471173     0.0776    22.5284     1.8457   2855.254 1.1796e+00  0.000e+00
     27.321    10.3998     9.7799     87.500    166.275 117.730160     0.0778    22.5223     1.8640   2855.289 1.1893e+00  0.000e+00
     27.254    10.3905     9.7616     87.317    166.440 117.816490     0.0779    22.5254     1.8677   2855.301 1.2055e+00  0.000e+00
     27.183    10.4257     9.7214     87.029    166.965 118.305669     0.0781    22.5315     1.8640   2855.367 1.2290e+00  0.000e+00
     27.112    10.5060     9.6760     86.785    167.074 118.650957     0.0782    22.5834     1.8482   2855.414 1.2549e+00  0.000e+00
     27.033    10.6284     9.6545     86.840    166.621 118.737240     0.0781    22.5895     1.8457   2855.426 1.2685e+00  0.000e+00
     26.957    10.7515     9.6577     87.118    165.926 118.650861     0.0778    22.5345     1.7737   2855.414 1.2937e+00  0.000e+00
     26.886    10.8196     9.6829     87.483    165.611 118.650834     0.0777    22.5315     1.7700   2855.414 1.3117e+00  0.000e+00
     26.822    10.8513     9.7107     87.800    165.464 118.650821     0.0776    22.5284     1.7676   2855.414 1.3319e+00  0.000e+00
     26.762    10.8599     9.7462     88.138    165.545 118.737148     0.0777    22.6261     1.9068   2855.426 1.3575e+00  0.000e+00
     26.705    10.8670     9.7611     88.287    165.271 118.564483     0.0776    22.6444     1.9092   2855.402 1.3719e+00  0.000e+00
     26.650    10.8640     9.7672     88.337    165.285 118.564484     0.0776    22.6352     1.9043   2855.402 1.3912e+00  0.000e+00
     26.583    10.8571     9.7506     88.172    165.678 118.823478     0.0777    22.6352     1.9471   2855.438 1.4085e+00  0.000e+00
     26.509    10.8677     9.7158     87.880    166.110 119.168801     0.0779    22.6200     1.9495   2855.484 1.4366e+00  0.000e+00
     26.433    10.9259     9.6682     87.567    166.362 119.542889     0.0781    22.6352     1.9483   2855.535 1.4696e+00  0.000e+00
     26.358    11.0396     9.6328     87.476    166.356 119.916962     0.0781    24.0482     1.8311   2855.586 1.4837e+00  0.000e+00
     26.286    11.1620     9.6223     87.628    165.713 119.859356     0.0779    24.0513     1.8323   2855.578 1.5134e+00  0.000e+00
     26.219    11.2405     9.6344     87.897    164.997 119.600320     0.0776    22.4735     1.8506   2855.543 1.5351e+00  0.000e+00
     26.156    11.2624     9.6638     88.210    164.897 119.600311     0.0776    22.4949     1.8482   2855.543 1.5477e+00  0.000e+00
     26.099    11.2657     9.6847     88.408    164.882 119.600309     0.0775    22.4796     1.8470   2855.543 1.5620e+00  0.000e+00
     26.035    11.2614     9.6964     88.506    164.822 119.542754     0.0775    22.7237     1.8531   2855.535 1.5840e+00  0.000e+00
     25.973    11.2556     9.6952     88.483    164.928 119.600312     0.0776    22.7359     1.8531   2855.543 1.6057e+00  0.000e+00
     25.903    11.2458     9.6803     88.327    165.330 119.859320     0.0777    22.7298     1.8531   2855.578 1.6268e+00  0.000e+00
     25.833    11.2739     9.6468     88.078    165.757 120.262210     0.0780    22.2812     1.8701   2855.633 1.6537e+00  0.000e+00
     25.760    11.3547     9.6048     87.858    165.864 120.607529     0.0780    22.2904     1.8726   2855.680 1.6803e+00  0.000e+00
     25.689    11.4516     9.5830     87.854    165.067 120.348476     0.0777    22.5834     1.8616   2855.645 1.7150e+00  0.000e+00
     25.614    11.5023     9.5886     88.008    164.838 120.348456     0.0776    22.5834     1.8286   2855.645 1.7385e+00  0.000e+00
     25.549    11.5215     9.5991     88.143    164.712 120.319668     0.0776    22.5711     1.8262   2855.641 1.7618e+00  0.000e+00
     25.487    11.5259     9.6196     88.340    164.613 120.262108     0.0775    22.2873     1.8250   2855.633 1.7872e+00  0.000e+00
     25.421    11.5255     9.6180     88.325    164.733 120.348444     0.0776    22.2843     1.8299   2855.645 1.7998e+00  0.000e+00
     25.355    11.5290     9.6116     88.273    164.599 120.262105     0.0775    22.2904     1.8262   2855.633 1.8216e+00  0.000e+00
     25.290    11.5312     9.5996     88.167    164.944 120.521116     0.0777    22.3819     1.8592   2855.668 1.8409e+00  0.000e+00
     25.221    11.5538     9.5745     87.982    165.078 120.693783     0.0778    22.3819     1.8689   2855.691 1.8649e+00  0.000e+00
     25.155    11.5891     9.5423     87.758    164.840 120.636209     0.0777    22.3819     1.8653   2855.684 1.8948e+00  0.000e+00
     25.086    11.6158     9.5229     87.632    164.916 120.780096     0.0777    23.4165     1.8726   2855.703 1.9173e+00  0.000e+00
     25.019    11.6400     9.5296     87.743    164.925 120.866425     0.0777    23.4226     1.8689   2855.715 1.9337e+00  0.000e+00
     24.955    11.6592     9.5261     87.749    164.721 120.780078     0.0776    22.4430     1.8103   2855.703 1.9708e+00  0.000e+00
     24.887    11.6692     9.5371     87.870    164.676 120.780073     0.0776    22.4338     1.8128   2855.703 1.9887e+00  0.000e+00
     24.816    11.6707     9.5419     87.918    164.787 120.866411     0.0777    22.4277     1.8091   2855.715 2.0219e+00  0.000e+00
     24.743    11.6798     9.5439     87.955    164.942 121.010306     0.0778    22.4308     1.8665   2855.734 2.0614e+00  0.000e+00
     24.669    11.6999     9.5389     87.948    165.126 121.211758     0.0778    22.4247     1.8677   2855.762 2.0885e+00  0.000e+00
     24.597    11.7277     9.5298     87.921    165.001 121.211746     0.0778    22.4338     1.8665   2855.762 2.1121e+00  0.000e+00
     24.532    11.7541     9.5239     87.919    164.765 121.125395     0.0777    22.4247     1.7896   2855.750 2.1284e+00  0.000e+00
     24.469    11.7667     9.5167     87.878    164.709 121.125389     0.0777    22.4277     1.7896   2855.750 2.1568e+00  0.000e+00
     24.407    11.7753     9.5072     87.808    164.905 121.298066     0.0778    22.4369     1.7884   2855.773 2.1831e+00  0.000e+00
     24.345    11.7914     9.4996     87.770    164.833 121.298059     0.0778    22.3819     1.8470   2855.773 2.2077e+00  0.000e+00
     24.286    11.8105     9.4946     87.762    164.865 121.384392     0.0778    22.3850     1.8457   2855.785 2.2260e+00  0.000e+00
     24.220    11.8285     9.4850     87.710    165.097 121.614630     0.0779    22.4887     1.8885   2855.816 2.2539e+00  0.000e+00
     24.148    11.8576     9.4823     87.743    165.083 121.700960     0.0779    22.4765     1.8885   2855.828 2.2880e+00  0.000e+00
     24.071    11.8903     9.4850     87.833    165.054 121.787289     0.0779    22.4857     1.8848   2855.840 2.3286e+00  0.000e+00
     23.993    11.9193     9.4876     87.915    165.041 121.873620     0.0779    22.3911     1.8640   2855.852 2.3591e+00  0.000e+00
     23.916    11.9542     9.4923     88.028    164.652 121.700919     0.0777    22.3819     1.8665   2855.828 2.3974e+00  0.000e+00
     23.849    11.9785     9.5005     88.153    164.738 121.844814     0.0778    22.3941     1.8677   2855.848 2.4287e+00  0.000e+00
