inst/extdata/ctd/2025/KL6_02Sep2025001downcast&upcast.cnv
* Sea-Bird SBE19plus Data File:
* FileName = C:\Users\FWCP_NRP\Documents\Seabird\Data\Kootenay\KLF 2025\9) KL_02-03Sep2025\KL_02-03Sep2025001.hex
* Software Version 1.59
* Temperature SN =  4708
* Conductivity SN =  4708
* System UpLoad Time = Sep 08 2025 13:13:30
** Ship:
** Cruise:
** Station:
** Latitude:
** Longitude:
# nquan = 12
# nvalues = 4771                                  
# units = specified
# name 0 = depFM: Depth [fresh water, m]
# name 1 = tv290C: Temperature [ITS-90, deg C]
# name 2 = sbeox0Mg/L: Oxygen, SBE 43 [mg/l]
# name 3 = sbeox0PS: Oxygen, SBE 43 [% saturation]
# name 4 = specc: Specific Conductance [uS/cm]
# name 5 = c0uS/cm: Conductivity [uS/cm]
# name 6 = sal00: Salinity, Practical [PSU]
# name 7 = obsscufa: OBS, Turner SCUFA [NTU]
# name 8 = flScufa: Fluorescence, Turner SCUFA [ug/L]
# name 9 = f1: Frequency 1
# name 10 = par: PAR/Irradiance, Biospherical/Licor
# name 11 = flag:  0.000e+00
# span 0 =     -0.775,    142.788                 
# span 1 =     4.2178,    28.3418                 
# span 2 =     2.6533,    16.6709                 
# span 3 =     23.023,    134.897                 
# span 4 =      5.574,    203.715                 
# span 5 =   5.947051, 184.469644                 
# span 6 =     0.0116,     0.0923                 
# span 7 =     2.1180,   198.8708                 
# span 8 =     0.4468,    79.5410                 
# span 9 =   2840.074,   2864.336                 
# span 10 = 1.0000e-12, 3.5801e+03                
# span 11 = 0.0000e+00, 0.0000e+00                
# interval = seconds: 0.25
# start_time = Sep 02 2025 16:06:39 [Instrument's time stamp, header]
# bad_flag = -9.990e-29
*END*
[from data line 963]
     62.233     4.9925    11.4040     89.333    187.916 112.726144     0.0846    20.1266     1.4832   2854.609 1.0000e-12  0.000e+00
     62.314     4.9899    11.4174     89.432    187.933 112.726146     0.0846    20.1358     1.4856   2854.609 1.0000e-12  0.000e+00
     62.396     4.9871    11.4342     89.556    187.950 112.726148     0.0846    20.1297     1.4270   2854.609 1.0000e-12  0.000e+00
     62.468     4.9846    11.4153     89.403    187.918 112.697380     0.0846    20.1389     1.4258   2854.605 1.0000e-12  0.000e+00
     62.535     4.9825    11.4306     89.518    187.979 112.726151     0.0846    20.1205     1.4234   2854.609 1.0000e-12  0.000e+00
     62.601     4.9802    11.4216     89.442    187.993 112.726152     0.0846    20.1297     1.4502   2854.609 1.0000e-12  0.000e+00
     62.669     4.9784    11.3214     88.653    188.005 112.726154     0.0846    20.1144     1.4405   2854.609 1.0000e-12  0.000e+00
     62.747     4.9765    11.3713     89.040    187.873 112.639847     0.0845    20.1907     1.4295   2854.598 1.0000e-12  0.000e+00
     62.831     4.9749    11.3758     89.071    188.027 112.726157     0.0846    20.1877     1.4295   2854.609 1.0000e-12  0.000e+00
     62.918     4.9737    11.3633     88.970    188.034 112.726158     0.0846    20.1846     1.4246   2854.609 1.0000e-12  0.000e+00
     63.005     4.9729    11.3763     89.071    187.992 112.697390     0.0846    20.2884     1.4868   2854.605 1.0000e-12  0.000e+00
     63.087     4.9723    11.3804     89.101    187.899 112.639852     0.0845    20.2853     1.4868   2854.598 1.0000e-12  0.000e+00
     63.170     4.9718    11.3631     88.965    188.190 112.812470     0.0847    20.2823     1.4868   2854.621 1.0000e-12  0.000e+00
     63.257     4.9716    11.3219     88.641    188.336 112.898780     0.0847    19.9374     1.4417   2854.633 1.0000e-12  0.000e+00
     63.337     4.9716    11.3350     88.744    188.336 112.898781     0.0847    19.9344     1.4405   2854.633 1.0000e-12  0.000e+00
     63.410     4.9713    11.2807     88.319    188.337 112.898781     0.0847    19.9313     1.4502   2854.633 1.0000e-12  0.000e+00
     63.478     4.9710    11.2469     88.053    188.051 112.726165     0.0846    20.3311     1.4063   2854.609 1.0000e-12  0.000e+00
     63.547     4.9704    11.2253     87.882    188.247 112.841244     0.0847    20.3281     1.4051   2854.625 1.0000e-12  0.000e+00
     63.613     4.9689    11.0766     86.715    188.208 112.812476     0.0847    20.3281     1.3880   2854.621 1.0000e-12  0.000e+00
     63.687     4.9671    11.1133     86.998    188.220 112.812477     0.0847    20.3281     1.3819   2854.621 1.0000e-12  0.000e+00
     63.765     4.9653    11.0332     86.367    188.231 112.812479     0.0847    20.3342     1.3867   2854.621 1.0000e-12  0.000e+00
     63.850     4.9630    10.8509     84.935    187.958 112.639864     0.0846    20.4654     1.4697   2854.598 1.0000e-12  0.000e+00
     63.944     4.9601    10.3156     80.739    188.264 112.812482     0.0847    20.4746     1.4661   2854.621 1.0000e-12  0.000e+00
     64.040     4.9570     7.3901     57.837    188.091 112.697407     0.0846    20.4685     1.4636   2854.605 1.0000e-12  0.000e+00
     64.128     4.9537     5.5611     43.519    188.160 112.726178     0.0847    20.6271     1.4282   2854.609 1.0000e-12  0.000e+00
     64.210     4.9504     6.1440     48.077    188.181 112.726180     0.0847    20.6180     1.4258   2854.609 1.0000e-12  0.000e+00
     64.286     4.9471     6.8655     53.717    188.057 112.639874     0.0846    20.6119     1.4246   2854.598 1.0000e-12  0.000e+00
     64.360     4.9441     7.8666     61.545    188.076 112.639876     0.0846    20.6210     1.3880   2854.598 1.0000e-12  0.000e+00
     64.430     4.9413     8.9667     70.147    188.238 112.726186     0.0847    20.6119     1.3867   2854.609 1.0000e-12  0.000e+00
     64.505     4.9390    10.4861     82.029    188.108 112.639880     0.0846    20.3708     1.4038   2854.598 1.0000e-12  0.000e+00
     64.577     4.9371    11.9073     93.142    188.216 112.697420     0.0847    20.3799     1.4063   2854.605 1.0000e-12  0.000e+00
     64.661     4.9355    13.6768    106.978    188.275 112.726191     0.0847    20.3647     1.4112   2854.609 1.0000e-12  0.000e+00
     64.743     4.9339    13.8380    108.235    188.140 112.639884     0.0846    20.2792     1.4282   2854.598 1.0000e-12  0.000e+00
     64.833     4.9318    13.3710    104.577    188.297 112.726194     0.0847    20.2762     1.4258   2854.609 1.0000e-12  0.000e+00
     64.922     4.9298    13.1426    102.786    188.022 112.553580     0.0846    20.2884     1.4270   2854.586 1.0000e-12  0.000e+00
     65.009     4.9265    12.9493    101.265    188.187 112.639890     0.0846    20.3220     1.4661   2854.598 1.0000e-12  0.000e+00
     65.086     4.9228    12.7527     99.718    188.018 112.524815     0.0846    20.3250     1.4600   2854.582 1.0000e-12  0.000e+00
     65.159     4.9187    12.4618     97.433    188.092 112.553586     0.0846    20.3281     1.4612   2854.586 1.0000e-12  0.000e+00
     65.231     4.9145    12.1894     95.293    188.118 112.553589     0.0846    20.1328     1.4270   2854.586 1.0000e-12  0.000e+00
     65.308     4.9104    11.8287     92.463    187.999 112.467284     0.0845    20.1328     1.4282   2854.574 1.0000e-12  0.000e+00
     65.386     4.9062    11.6341     90.932    188.170 112.553593     0.0846    20.0290     1.4673   2854.586 1.0000e-12  0.000e+00
     65.467     4.9021    11.4858     89.763    188.052 112.467288     0.0846    20.0290     1.4710   2854.574 1.0000e-12  0.000e+00
     65.557     4.8981    11.4468     89.449    187.932 112.380984     0.0845    20.0381     1.4673   2854.563 1.0000e-12  0.000e+00
     65.647     4.8930    11.4290     89.298    187.820 112.294680     0.0844    20.2213     1.4258   2854.551 1.0000e-12  0.000e+00
     65.740     4.8865    11.4273     89.270    187.861 112.294683     0.0845    20.2396     1.4270   2854.551 1.0000e-12  0.000e+00
     65.825     4.8787    11.4184     89.182    187.766 112.208381     0.0844    20.2243     1.4258   2854.539 1.0000e-12  0.000e+00
     65.905     4.8718    11.4130     89.124    188.098 112.380997     0.0846    19.7879     1.4649   2854.563 1.0000e-12  0.000e+00
     65.974     4.8677    11.4151     89.131    188.124 112.380999     0.0846    19.7818     1.4673   2854.563 1.0000e-12  0.000e+00
     66.044     4.8663    11.4013     89.021    188.422 112.553615     0.0847    19.7879     1.4600   2854.586 1.0000e-12  0.000e+00
     66.111     4.8657    11.3971     88.986    188.281 112.467308     0.0846    19.8367     1.3880   2854.574 1.0000e-12  0.000e+00
     66.178     4.8654    11.3963     88.979    188.379 112.524847     0.0847    19.8489     1.3880   2854.582 1.0000e-12  0.000e+00
     66.249     4.8648    11.3968     88.981    188.576 112.639925     0.0848    19.7910     1.4478   2854.598 1.0000e-12  0.000e+00
     66.329     4.8638    11.3924     88.946    188.582 112.639926     0.0848    19.7696     1.4417   2854.598 1.0000e-12  0.000e+00
     66.411     4.8627    11.3948     88.961    188.444 112.553620     0.0847    19.7879     1.4453   2854.586 1.0000e-12  0.000e+00
     66.506     4.8609    11.3986     88.987    188.456 112.553622     0.0847    19.7360     1.4441   2854.586 1.0000e-12  0.000e+00
     66.605     4.8590    11.4026     89.014    188.323 112.467316     0.0847    19.7391     1.4478   2854.574 1.0000e-12  0.000e+00
     66.698     4.8572    11.4120     89.083    188.576 112.611164     0.0848    19.7421     1.4417   2854.594 1.0000e-12  0.000e+00
     66.788     4.8552    11.4159     89.109    188.492 112.553627     0.0847    19.7818     1.4295   2854.586 1.0000e-12  0.000e+00
     66.868     4.8539    11.4231     89.162    188.500 112.553628     0.0847    19.7818     1.4246   2854.586 1.0000e-12  0.000e+00
     66.941     4.8535    11.4262     89.185    188.647 112.639937     0.0848    19.8306     1.4234   2854.598 1.0000e-12  0.000e+00
     67.011     4.8537    11.4206     89.142    188.935 112.812554     0.0849    19.8428     1.4295   2854.621 1.0000e-12  0.000e+00
     67.083     4.8554    11.4127     89.085    188.924 112.812554     0.0849    19.8367     1.4295   2854.621 1.0000e-12  0.000e+00
     67.154     4.8580    11.4149     89.108    189.053 112.898863     0.0850    19.9283     1.4026   2854.633 1.0000e-12  0.000e+00
     67.225     4.8602    11.4155     89.118    189.086 112.927632     0.0850    19.9344     1.4099   2854.637 1.0000e-12  0.000e+00
     67.303     4.8617    11.4144     89.113    189.174 112.985172     0.0850    19.9374     1.4099   2854.645 1.0000e-12  0.000e+00
     67.386     4.8626    11.4178     89.141    189.023 112.898863     0.0850    19.7330     1.4649   2854.633 1.0000e-12  0.000e+00
     67.470     4.8634    11.4213     89.170    189.162 112.985173     0.0850    19.7482     1.4624   2854.645 1.0000e-12  0.000e+00
     67.548     4.8647    11.4245     89.198    189.299 113.071483     0.0851    19.7452     1.4661   2854.656 1.0000e-12  0.000e+00
     67.620     4.8657    11.4231     89.190    189.148 112.985174     0.0850    19.9863     1.4282   2854.645 1.0000e-12  0.000e+00
     67.686     4.8666    11.4195     89.163    189.287 113.071484     0.0851    19.9802     1.4270   2854.656 1.0000e-12  0.000e+00
     67.748     4.8666    11.4130     89.113    189.431 113.157794     0.0852    20.0412     1.4087   2854.668 1.0000e-12  0.000e+00
     67.809     4.8665    11.4055     89.054    189.288 113.071485     0.0851    20.0351     1.4026   2854.656 1.0000e-12  0.000e+00
     67.870     4.8663    11.4086     89.078    189.289 113.071486     0.0851    20.0259     1.4038   2854.656 1.0000e-12  0.000e+00
     67.928     4.8661    11.4046     89.046    189.434 113.157796     0.0852    20.1358     1.4441   2854.668 1.0000e-12  0.000e+00
     68.001     4.8653    11.4066     89.060    189.439 113.157797     0.0852    20.1358     1.4478   2854.668 1.0000e-12  0.000e+00
     68.073     4.8651    11.4087     89.076    189.441 113.157798     0.0852    20.1236     1.4466   2854.668 1.0000e-12  0.000e+00
     68.153     4.8641    11.4114     89.094    189.158 112.985180     0.0850    20.0809     1.3819   2854.645 1.0000e-12  0.000e+00
     68.229     4.8614    11.4060     89.046    189.176 112.985182     0.0850    20.0931     1.3867   2854.645 1.0000e-12  0.000e+00
     68.297     4.8571    11.4083     89.054    189.058 112.898875     0.0850    20.0717     1.3843   2854.633 1.0000e-12  0.000e+00
     68.358     4.8506    11.3964     88.947    188.954 112.812569     0.0849    19.9313     1.4038   2854.621 1.0000e-12  0.000e+00
     68.420     4.8441    11.3928     88.903    188.996 112.812572     0.0849    19.9435     1.4014   2854.621 1.0000e-12  0.000e+00
     68.481     4.8379    11.3990     88.937    189.035 112.812575     0.0850    19.8825     1.4063   2854.621 1.0000e-12  0.000e+00
     68.540     4.8332    11.4012     88.944    189.065 112.812578     0.0850    19.8978     1.4063   2854.621 1.0000e-12  0.000e+00
     68.608     4.8306    11.3998     88.927    189.371 112.985197     0.0851    19.8886     1.4099   2854.645 1.0000e-12  0.000e+00
     68.678     4.8297    11.4023     88.944    189.376 112.985198     0.0851    19.5956     1.3916   2854.645 1.0000e-12  0.000e+00
     68.764     4.8304    11.4195     89.080    189.516 113.071509     0.0852    19.5895     1.3904   2854.656 1.0000e-12  0.000e+00
     68.854     4.8315    11.4215     89.099    189.510 113.071509     0.0852    19.5956     1.3892   2854.656 1.0000e-12  0.000e+00
     68.945     4.8319    11.4449     89.281    189.363 112.985200     0.0851    19.7391     1.4099   2854.645 1.0000e-12  0.000e+00
     69.024     4.8312    11.4333     89.190    189.367 112.985201     0.0851    19.7391     1.4087   2854.645 1.0000e-12  0.000e+00
     69.095     4.8299    11.4352     89.201    189.279 112.927663     0.0851    19.7330     1.4026   2854.637 1.0000e-12  0.000e+00
     69.165     4.8281    11.4388     89.225    189.242 112.898895     0.0850    19.7452     1.4478   2854.633 1.0000e-12  0.000e+00
     69.235     4.8264    11.4393     89.225    189.252 112.898896     0.0851    19.7482     1.4466   2854.633 1.0000e-12  0.000e+00
     69.298     4.8249    11.4404     89.230    189.262 112.898898     0.0851    19.6963     1.3855   2854.633 1.0000e-12  0.000e+00
     69.366     4.8234    11.4402     89.225    189.127 112.812590     0.0850    19.6963     1.3855   2854.621 1.0000e-12  0.000e+00
     69.434     4.8218    11.4518     89.312    189.282 112.898900     0.0851    19.6780     1.3855   2854.633 1.0000e-12  0.000e+00
     69.511     4.8199    11.4458     89.261    189.294 112.898902     0.0851    19.5926     1.4282   2854.633 1.0000e-12  0.000e+00
     69.598     4.8181    11.4601     89.368    189.209 112.841364     0.0850    19.6017     1.4307   2854.625 1.0000e-12  0.000e+00
     69.683     4.8165    11.4594     89.359    189.171 112.812596     0.0850    19.6017     1.4282   2854.621 1.0000e-12  0.000e+00
     69.762     4.8147    11.4614     89.370    189.182 112.812597     0.0850    19.6353     1.4270   2854.621 1.0000e-12  0.000e+00
     69.835     4.8135    11.4593     89.352    189.335 112.898907     0.0851    19.6445     1.4295   2854.633 1.0000e-12  0.000e+00
     69.906     4.8125    11.4632     89.379    189.341 112.898909     0.0851    19.6475     1.4209   2854.633 1.0000e-12  0.000e+00
     69.977     4.8128    11.4530     89.301    189.918 113.244148     0.0853    19.4980     1.4112   2854.680 1.0000e-12  0.000e+00
     70.050     4.8153    11.4591     89.354    189.902 113.244148     0.0853    19.5010     1.4051   2854.680 1.0000e-12  0.000e+00
     70.125     4.8190    11.4696     89.444    189.975 113.301688     0.0854    19.4461     1.4270   2854.688 1.0000e-12  0.000e+00
     70.199     4.8225    11.4657     89.422    189.953 113.301687     0.0854    19.4491     1.4246   2854.688 1.0000e-12  0.000e+00
     70.276     4.8254    11.4626     89.404    190.079 113.387998     0.0854    19.4430     1.4246   2854.699 1.0000e-12  0.000e+00
     70.355     4.8272    11.4617     89.402    189.923 113.301687     0.0854    19.5102     1.4099   2854.688 1.0000e-12  0.000e+00
     70.428     4.8280    11.4665     89.441    190.063 113.387998     0.0854    19.4949     1.4099   2854.699 1.0000e-12  0.000e+00
     70.504     4.8282    11.4581     89.376    189.917 113.301688     0.0854    19.4858     1.4063   2854.688 1.0000e-12  0.000e+00
     70.573     4.8288    11.4627     89.413    190.057 113.388000     0.0854    19.7971     1.3855   2854.699 1.0000e-12  0.000e+00
     70.644     4.8298    11.4493     89.311    190.051 113.388000     0.0854    19.7787     1.3867   2854.699 1.0000e-12  0.000e+00
     70.723     4.8306    11.4450     89.279    190.190 113.474312     0.0855    19.7726     1.3843   2854.711 1.0000e-12  0.000e+00
     70.802     4.8315    11.4410     89.251    190.330 113.560624     0.0856    19.7055     1.4624   2854.723 1.0000e-12  0.000e+00
     70.879     4.8323    11.4358     89.212    190.179 113.474313     0.0855    19.6963     1.4685   2854.711 1.0000e-12  0.000e+00
     70.951     4.8322    11.4299     89.166    190.180 113.474314     0.0855    19.7910     1.4295   2854.711 1.0000e-12  0.000e+00
     71.027     4.8322    11.4251     89.128    190.180 113.474314     0.0855    19.7910     1.4258   2854.711 1.0000e-12  0.000e+00
     71.100     4.8322    11.4195     89.084    190.132 113.445545     0.0855    19.8001     1.4270   2854.707 1.0000e-12  0.000e+00
     71.175     4.8320    11.4265     89.138    190.182 113.474316     0.0855    19.9313     1.4258   2854.711 1.0000e-12  0.000e+00
     71.250     4.8318    11.4297     89.163    190.183 113.474317     0.0855    19.9344     1.4234   2854.711 1.0000e-12  0.000e+00
