inst/extdata/ctd/2025/KL6_02Sep2025001downcast&upcast.cnv
* Sea-Bird SBE19plus Data File:
* FileName = C:\Users\FWCP_NRP\Documents\Seabird\Data\Kootenay\KLF 2025\9) KL_02-03Sep2025\KL_02-03Sep2025001.hex
* Software Version 1.59
* Temperature SN =  4708
* Conductivity SN =  4708
* System UpLoad Time = Sep 08 2025 13:13:30
** Ship:
** Cruise:
** Station:
** Latitude:
** Longitude:
# nquan = 12
# nvalues = 4771                                  
# units = specified
# name 0 = depFM: Depth [fresh water, m]
# name 1 = tv290C: Temperature [ITS-90, deg C]
# name 2 = sbeox0Mg/L: Oxygen, SBE 43 [mg/l]
# name 3 = sbeox0PS: Oxygen, SBE 43 [% saturation]
# name 4 = specc: Specific Conductance [uS/cm]
# name 5 = c0uS/cm: Conductivity [uS/cm]
# name 6 = sal00: Salinity, Practical [PSU]
# name 7 = obsscufa: OBS, Turner SCUFA [NTU]
# name 8 = flScufa: Fluorescence, Turner SCUFA [ug/L]
# name 9 = f1: Frequency 1
# name 10 = par: PAR/Irradiance, Biospherical/Licor
# name 11 = flag:  0.000e+00
# span 0 =     -0.775,    142.788                 
# span 1 =     4.2178,    28.3418                 
# span 2 =     2.6533,    16.6709                 
# span 3 =     23.023,    134.897                 
# span 4 =      5.574,    203.715                 
# span 5 =   5.947051, 184.469644                 
# span 6 =     0.0116,     0.0923                 
# span 7 =     2.1180,   198.8708                 
# span 8 =     0.4468,    79.5410                 
# span 9 =   2840.074,   2864.336                 
# span 10 = 1.0000e-12, 3.5801e+03                
# span 11 = 0.0000e+00, 0.0000e+00                
# interval = seconds: 0.25
# start_time = Sep 02 2025 16:06:39 [Instrument's time stamp, header]
# bad_flag = -9.990e-29
*END*
[from data line 4211]
     15.593    17.5675     9.4302     98.776    170.498 145.167667     0.0823    23.1266     3.2630   2859.012 1.8833e+01  0.000e+00
     15.529    17.5900     9.4269     98.787    170.408 145.167655     0.0823    23.1235     3.2581   2859.012 1.8946e+01  0.000e+00
     15.464    17.6122     9.4229     98.791    170.792 145.571022     0.0825    23.0716     3.3643   2859.066 1.9230e+01  0.000e+00
     15.402    17.6436     9.4240     98.867    171.004 145.859138     0.0826    23.0747     3.3570   2859.105 1.9527e+01  0.000e+00
     15.335    17.6899     9.4114     98.829    171.021 146.031996     0.0826    23.0777     3.3606   2859.129 1.9875e+01  0.000e+00
     15.266    17.7481     9.4228     99.067    170.889 146.118408     0.0826    23.0686     3.4168   2859.141 2.0051e+01  0.000e+00
     15.195    17.8007     9.4272     99.221    170.578 146.031941     0.0824    23.0777     3.4168   2859.129 2.0376e+01  0.000e+00
     15.123    17.8350     9.4334     99.356    170.744 146.291248     0.0825    23.0777     3.4205   2859.164 2.0728e+01  0.000e+00
     15.051    17.8653     9.4399     99.486    170.691 146.348860     0.0825    23.1296     3.2789   2859.172 2.1235e+01  0.000e+00
     14.988    17.8894     9.4471     99.612    171.132 146.809877     0.0827    23.1174     3.2776   2859.234 2.1651e+01  0.000e+00
     14.930    17.9216     9.4536     99.746    171.004 146.809861     0.0827    23.3677     3.1580   2859.234 2.1990e+01  0.000e+00
     14.874    17.9581     9.4561     99.848    170.858 146.809843     0.0826    23.3738     3.1592   2859.234 2.2256e+01  0.000e+00
     14.812    17.9808     9.4654     99.992    170.869 146.896275     0.0826    23.3616     3.1629   2859.246 2.2532e+01  0.000e+00
     14.740    17.9945     9.4718    100.088    171.686 147.645464     0.0830    23.2151     3.3973   2859.348 2.2672e+01  0.000e+00
     14.664    18.0221     9.4800    100.231    171.575 147.645450     0.0830    23.2181     3.4022   2859.348 2.3006e+01  0.000e+00
     14.586    18.0618     9.4808    100.321    171.518 147.731877     0.0829    23.2273     3.3997   2859.359 2.3457e+01  0.000e+00
     14.511    18.0958     9.4797    100.380    171.482 147.818308     0.0829    23.0747     3.1409   2859.371 2.3984e+01  0.000e+00
     14.445    18.1287     9.4820    100.473    172.253 148.596337     0.0833    23.0564     3.1434   2859.477 2.4372e+01  0.000e+00
     14.380    18.1774     9.4725    100.472    172.159 148.682764     0.0833    23.0777     3.1434   2859.488 2.4701e+01  0.000e+00
     14.320    18.2301     9.4693    100.546    172.249 148.942094     0.0833    23.2303     2.9834   2859.523 2.5150e+01  0.000e+00
     14.260    18.2746     9.4739    100.687    172.172 149.028524     0.0833    23.2212     2.9847   2859.535 2.5661e+01  0.000e+00
     14.197    18.3139     9.4820    100.853    172.015 149.028504     0.0832    23.1205     2.9859   2859.535 2.5915e+01  0.000e+00
     14.124    18.3450     9.4895    100.997    171.959 149.086123     0.0832    23.1266     2.9834   2859.543 2.6246e+01  0.000e+00
     14.050    18.3771     9.4954    101.126    172.230 149.431922     0.0834    23.1235     2.9834   2859.590 2.6676e+01  0.000e+00
     13.972    18.4146     9.5018    101.272    171.882 149.258994     0.0832    23.0716     2.9261   2859.566 2.7107e+01  0.000e+00
     13.896    18.4430     9.4961    101.269    171.936 149.403070     0.0832    23.0747     2.9200   2859.586 2.7352e+01  0.000e+00
     13.828    18.4718     9.4907    101.272    172.252 149.777693     0.0834    23.0625     2.9248   2859.637 2.8095e+01  0.000e+00
     13.763    18.5004     9.4774    101.188    171.841 149.518313     0.0832    23.1144     3.0042   2859.602 2.8782e+01  0.000e+00
     13.708    18.5169     9.4709    101.153    172.273 149.950582     0.0834    23.1174     3.0030   2859.660 2.8904e+01  0.000e+00
     13.651    18.5368     9.4607    101.085    172.392 150.123486     0.0835    23.1174     3.0054   2859.684 2.9052e+01  0.000e+00
     13.584    18.5672     9.4481    101.013    172.371 150.209927     0.0835    23.2639     2.9297   2859.695 2.9480e+01  0.000e+00
     13.517    18.5941     9.4475    101.062    172.827 150.699845     0.0837    23.2578     2.9248   2859.762 3.0355e+01  0.000e+00
     13.437    18.6252     9.4461    101.111    173.199 151.132132     0.0839    23.0747     2.9456   2859.820 3.1135e+01  0.000e+00
     13.360    18.6780     9.4468    101.227    173.187 151.305028     0.0839    23.0777     2.9505   2859.844 3.1477e+01  0.000e+00
     13.282    18.7316     9.4572    101.449    173.173 151.477925     0.0839    23.0838     2.9505   2859.867 3.1784e+01  0.000e+00
     13.213    18.7741     9.4688    101.661    173.301 151.737293     0.0839    23.2334     2.8650   2859.902 3.2150e+01  0.000e+00
     13.148    18.8101     9.4716    101.764    173.652 152.169598     0.0841    23.2151     2.8711   2859.961 3.2687e+01  0.000e+00
     13.087    18.8434     9.4704    101.821    174.046 152.630736     0.0843    23.2303     2.8687   2860.023 3.2959e+01  0.000e+00
     13.029    18.8768     9.4624    101.804    174.077 152.774831     0.0843    23.9536     2.8675   2860.043 3.3728e+01  0.000e+00
     12.968    18.9043     9.4467    101.691    174.428 153.178338     0.0845    23.9536     2.8638   2860.098 3.4346e+01  0.000e+00
     12.903    18.9255     9.4424    101.688    174.540 153.351266     0.0846    23.9536     2.8589   2860.121 3.4870e+01  0.000e+00
     12.833    18.9445     9.4511    101.821    174.957 153.783612     0.0848    23.4226     2.9310   2860.180 3.5266e+01  0.000e+00
     12.757    18.9641     9.4564    101.919    175.469 154.302441     0.0850    23.4226     2.9212   2860.250 3.5735e+01  0.000e+00
     12.681    18.9920     9.4661    102.081    175.554 154.475375     0.0850    23.2151     2.9285   2860.273 3.6543e+01  0.000e+00
     12.605    19.0166     9.4743    102.220    175.652 154.648312     0.0851    23.2181     2.9261   2860.297 3.7265e+01  0.000e+00
     12.537    19.0364     9.4866    102.394    175.672 154.734777     0.0851    23.2181     2.9224   2860.309 3.7720e+01  0.000e+00
     12.473    19.0504     9.4922    102.483    175.910 154.994199     0.0852    23.4623     2.8846   2860.344 3.8215e+01  0.000e+00
     12.411    19.0628     9.4975    102.567    176.809 155.830153     0.0857    23.4714     2.8846   2860.457 3.8812e+01  0.000e+00
     12.349    19.0774     9.4788    102.394    177.306 156.320206     0.0859    23.4592     2.8870   2860.523 3.9592e+01  0.000e+00
     12.283    19.0969     9.4668    102.306    177.849 156.867925     0.0861    23.1235     2.9822   2860.598 3.9999e+01  0.000e+00
     12.216    19.1205     9.4559    102.236    178.244 157.300340     0.0863    23.1205     2.9834   2860.656 4.0574e+01  0.000e+00
     12.144    19.1401     9.4247    101.939    178.165 157.300329     0.0863    23.1235     2.9847   2860.656 4.1367e+01  0.000e+00
     12.071    19.1587     9.3905    101.607    177.698 156.954375     0.0861    23.1724     3.0457   2860.609 4.2318e+01  0.000e+00
     12.006    19.1670     9.3869    101.585    178.807 157.963387     0.0866    23.1724     3.0433   2860.746 4.2587e+01  0.000e+00
     11.937    19.1819     9.3731    101.467    179.040 158.222847     0.0867    23.2181     2.9480   2860.781 4.3024e+01  0.000e+00
     11.870    19.1998     9.3405    101.150    178.869 158.136347     0.0866    23.2151     2.9456   2860.770 4.3912e+01  0.000e+00
     11.802    19.2088     9.3630    101.413    179.518 158.741779     0.0869    23.2151     2.9493   2860.852 4.4637e+01  0.000e+00
     11.732    19.2194     9.3646    101.451    179.768 159.001251     0.0871    23.3738     2.8675   2860.887 4.5517e+01  0.000e+00
     11.661    19.2350     9.3668    101.508    179.900 159.174230     0.0871    23.3677     2.8687   2860.910 4.6407e+01  0.000e+00
     11.593    19.2518     9.3585    101.451    179.929 159.260714     0.0872    23.3768     2.8638   2860.922 4.7390e+01  0.000e+00
     11.527    19.2690     9.3931    101.861    179.664 159.087716     0.0870    23.4806     2.7503   2860.898 4.7935e+01  0.000e+00
     11.465    19.2857     9.3724    101.672    179.792 159.260695     0.0871    23.4653     2.7503   2860.922 4.8164e+01  0.000e+00
     11.400    19.3014     9.2989    100.905    179.533 159.087697     0.0870    23.4714     2.7442   2860.898 4.8744e+01  0.000e+00
     11.334    19.3174     9.1493     99.314    179.370 159.001195     0.0869    23.1815     2.6868   2860.887 4.9305e+01  0.000e+00
     11.266    19.3335     8.0771     87.704    179.208 158.914692     0.0868    23.1632     2.6929   2860.875 5.0233e+01  0.000e+00
     11.192    19.3448     6.4905     70.493    179.259 159.001178     0.0869    23.1693     2.7881   2860.887 5.1405e+01  0.000e+00
     11.118    19.3531     6.4312     69.860    179.128 158.914680     0.0868    23.1724     2.7869   2860.875 5.2024e+01  0.000e+00
     11.043    19.3581     6.9054     75.018    178.426 158.309234     0.0865    23.1724     2.7881   2860.793 5.3331e+01  0.000e+00
     10.975    19.3631     7.5989     82.560    177.918 157.876782     0.0862    23.2151     2.7503   2860.734 5.4030e+01  0.000e+00
     10.905    19.3703     8.0126     87.068    177.695 157.703800     0.0861    23.2181     2.7466   2860.711 5.5368e+01  0.000e+00
     10.843    19.3771     8.5565     92.990    177.667 157.703796     0.0861    23.2273     2.7430   2860.711 5.6341e+01  0.000e+00
     10.787    19.3795     8.9178     96.922    177.560 157.617306     0.0861    23.4287     2.8479   2860.699 5.6989e+01  0.000e+00
     10.726    19.3791     9.1675     99.634    177.465 157.530818     0.0860    23.4104     2.8443   2860.688 5.7402e+01  0.000e+00
     10.668    19.3785     8.9444     97.208    177.565 157.617304     0.0861    23.2212     2.8418   2860.699 5.7140e+01  0.000e+00
     10.595    19.3739     8.9962     97.763    177.485 157.530818     0.0860    23.2303     2.8492   2860.688 5.7777e+01  0.000e+00
     10.518    19.3773     7.5521     82.075    177.212 157.300184     0.0859    23.2212     2.8455   2860.656 5.9135e+01  0.000e+00
     10.438    19.3934     6.3000     68.489    177.050 157.213688     0.0858    23.3768     2.7466   2860.645 6.0823e+01  0.000e+00
     10.362    19.4114     5.9056     64.225    176.913 157.156020     0.0858    23.3768     2.7527   2860.637 6.2275e+01  0.000e+00
     10.288    19.4247     6.6461     72.298    176.828 157.127184     0.0857    23.3707     2.7527   2860.633 6.3940e+01  0.000e+00
     10.225    19.4326     7.2885     79.298    176.894 157.213665     0.0858    23.1693     2.7430   2860.645 6.4414e+01  0.000e+00
     10.166    19.4345     5.1653     56.200    176.984 157.300149     0.0858    23.1724     2.7503   2860.656 6.5373e+01  0.000e+00
     10.107    19.4321     7.1031     77.281    176.993 157.300150     0.0858    23.1785     2.7478   2860.656 6.6230e+01  0.000e+00
     10.046    19.4308     9.2084    100.182    176.998 157.300149     0.0858    23.2090     2.5708   2860.656 6.6569e+01  0.000e+00
      9.979    19.4446    10.0390    109.250    176.944 157.300141     0.0858    23.1998     2.5708   2860.656 6.7691e+01  0.000e+00
      9.907    19.4596     7.2911     79.370    176.884 157.300133     0.0858    23.2700     2.6307   2860.656 6.8373e+01  0.000e+00
      9.836    19.4747     9.2032    100.214    176.986 157.444268     0.0858    23.2609     2.6294   2860.676 7.0337e+01  0.000e+00
      9.766    19.4889     9.4747    103.200    176.929 157.444260     0.0858    23.2639     2.6307   2860.676 7.1171e+01  0.000e+00
      9.693    19.4973     9.7896    106.648    177.187 157.703717     0.0859    23.3310     2.6307   2860.711 7.3603e+01  0.000e+00
      9.624    19.5049     8.9444     97.456    177.157 157.703712     0.0859    23.3249     2.6307   2860.711 7.4162e+01  0.000e+00
      9.554    19.5148     7.2425     78.928    177.312 157.876683     0.0860    23.3188     2.6307   2860.734 7.4045e+01  0.000e+00
      9.481    19.5228     8.2413     89.827    177.474 158.049656     0.0861    23.3738     2.7662   2860.758 7.6185e+01  0.000e+00
      9.412    19.5374     7.6408     83.306    177.901 158.482099     0.0863    23.3768     2.7674   2860.816 7.7906e+01  0.000e+00
      9.346    19.5589     9.9596    108.635    178.301 158.914547     0.0865    23.3646     2.7662   2860.875 7.8733e+01  0.000e+00
      9.280    19.5795     9.7123    105.981    178.607 159.260510     0.0866    23.3310     2.6709   2860.922 7.9010e+01  0.000e+00
      9.215    19.6008    10.0521    109.735    178.489 159.231667     0.0866    23.3158     2.6685   2860.918 8.0952e+01  0.000e+00
      9.149    19.6143    10.4273    113.862    178.822 159.577638     0.0867    23.2853     2.7893   2860.965 8.2926e+01  0.000e+00
      9.085    19.6238    10.7721    117.650    178.978 159.750624     0.0868    23.2547     2.7857   2860.988 8.4012e+01  0.000e+00
      9.023    19.6285    10.6959    116.828    179.541 160.269606     0.0871    23.2700     2.7881   2861.059 8.5714e+01  0.000e+00
      8.955    19.6375    10.2068    111.506    180.086 160.788597     0.0873    23.2700     2.6514   2861.129 8.7173e+01  0.000e+00
      8.886    19.6544    10.0607    109.948    180.502 161.221095     0.0875    23.2670     2.6514   2861.188 8.8673e+01  0.000e+00
      8.814    19.6727     9.4765    103.601    181.041 161.768939     0.0878    23.2761     2.6514   2861.262 8.8346e+01  0.000e+00
      8.745    19.6920     9.4426    103.271    181.092 161.884268     0.0878    23.6576     2.6709   2861.277 8.9740e+01  0.000e+00
      8.672    19.7093     9.4383    103.259    181.409 162.230281     0.0879    23.6667     2.6661   2861.324 9.0612e+01  0.000e+00
      8.604    19.7238     9.4403    103.310    181.543 162.403286     0.0880    23.6606     2.6709   2861.348 9.2139e+01  0.000e+00
      8.536    19.7362     9.4426    103.361    181.493 162.403278     0.0880    23.3738     2.5892   2861.348 9.5993e+01  0.000e+00
      8.468    19.7468     9.4532    103.500    181.836 162.749303     0.0882    23.3646     2.5892   2861.395 9.8871e+01  0.000e+00
      8.400    19.7585     9.4559    103.553    182.143 163.066496     0.0883    23.4623     2.7063   2861.438 9.9271e+01  0.000e+00
      8.331    19.7726     9.4560    103.584    182.408 163.354856     0.0884    23.4653     2.7088   2861.477 1.0002e+02  0.000e+00
      8.267    19.7906     9.4650    103.720    182.624 163.614380     0.0885    23.4745     2.7100   2861.512 1.0126e+02  0.000e+00
      8.201    19.8046     9.4686    103.788    182.567 163.614372     0.0885    23.2609     2.6502   2861.512 1.0456e+02  0.000e+00
      8.137    19.8196     9.4752    103.891    182.120 163.268317     0.0883    23.2792     2.6526   2861.465 1.0598e+02  0.000e+00
      8.068    19.8382     9.4753    103.931    182.270 163.470166     0.0884    23.2822     2.6477   2861.492 1.0339e+02  0.000e+00
      7.998    19.8527     9.4852    104.069    181.407 162.749240     0.0880    24.2466     2.7271   2861.395 1.0237e+02  0.000e+00
      7.927    19.8654     9.4948    104.201    180.970 162.403201     0.0878    24.2466     2.7295   2861.348 1.0764e+02  0.000e+00
      7.857    19.8773     9.5105    104.398    180.440 161.970662     0.0875    24.2435     2.7344   2861.289 1.1473e+02  0.000e+00
      7.787    19.8872     9.5253    104.581    179.662 161.307459     0.0872    24.0024     2.4781   2861.199 1.1295e+02  0.000e+00
      7.719    19.8940     9.5295    104.640    178.768 160.528944     0.0868    24.0085     2.4793   2861.094 1.1331e+02  0.000e+00
      7.655    19.9041     9.5347    104.718    177.797 159.692793     0.0863    23.4989     2.5342   2860.980 1.1627e+02  0.000e+00
      7.591    19.9169     9.5367    104.767    176.783 158.827843     0.0858    23.5111     2.5330   2860.863 1.1761e+02  0.000e+00
