inst/extdata/ctd/2025/KL6_02Sep2025001downcast&upcast.cnv
* Sea-Bird SBE19plus Data File:
* FileName = C:\Users\FWCP_NRP\Documents\Seabird\Data\Kootenay\KLF 2025\9) KL_02-03Sep2025\KL_02-03Sep2025001.hex
* Software Version 1.59
* Temperature SN =  4708
* Conductivity SN =  4708
* System UpLoad Time = Sep 08 2025 13:13:30
** Ship:
** Cruise:
** Station:
** Latitude:
** Longitude:
# nquan = 12
# nvalues = 4771                                  
# units = specified
# name 0 = depFM: Depth [fresh water, m]
# name 1 = tv290C: Temperature [ITS-90, deg C]
# name 2 = sbeox0Mg/L: Oxygen, SBE 43 [mg/l]
# name 3 = sbeox0PS: Oxygen, SBE 43 [% saturation]
# name 4 = specc: Specific Conductance [uS/cm]
# name 5 = c0uS/cm: Conductivity [uS/cm]
# name 6 = sal00: Salinity, Practical [PSU]
# name 7 = obsscufa: OBS, Turner SCUFA [NTU]
# name 8 = flScufa: Fluorescence, Turner SCUFA [ug/L]
# name 9 = f1: Frequency 1
# name 10 = par: PAR/Irradiance, Biospherical/Licor
# name 11 = flag:  0.000e+00
# span 0 =     -0.775,    142.788                 
# span 1 =     4.2178,    28.3418                 
# span 2 =     2.6533,    16.6709                 
# span 3 =     23.023,    134.897                 
# span 4 =      5.574,    203.715                 
# span 5 =   5.947051, 184.469644                 
# span 6 =     0.0116,     0.0923                 
# span 7 =     2.1180,   198.8708                 
# span 8 =     0.4468,    79.5410                 
# span 9 =   2840.074,   2864.336                 
# span 10 = 1.0000e-12, 3.5801e+03                
# span 11 = 0.0000e+00, 0.0000e+00                
# interval = seconds: 0.25
# start_time = Sep 02 2025 16:06:39 [Instrument's time stamp, header]
# bad_flag = -9.990e-29
*END*
[from data line 602]
     33.791     8.0236    10.3460     87.453    171.186 113.069964     0.0788    21.3443     1.7664   2854.656 4.1489e-01  0.000e+00
     33.874     7.9945    10.3526     87.447    171.206 112.983667     0.0788    21.2985     1.7505   2854.645 4.1435e-01  0.000e+00
     33.953     7.9574    10.3626     87.451    171.268 112.897374     0.0788    21.3077     1.7456   2854.633 3.9988e-01  0.000e+00
     34.032     7.9107    10.3707     87.420    171.511 112.897392     0.0789    21.3016     1.7432   2854.633 3.7688e-01  0.000e+00
     34.110     7.8716    10.3608     87.253    171.321 112.638485     0.0788    21.3596     1.7005   2854.598 3.8863e-01  0.000e+00
     34.193     7.8317    10.3482     87.062    171.398 112.552194     0.0788    21.3626     1.7029   2854.586 3.8718e-01  0.000e+00
     34.290     7.7806    10.3399     86.883    171.753 112.609751     0.0790    21.3474     1.7041   2854.594 3.7755e-01  0.000e+00
     34.393     7.7291    10.3330     86.716    172.199 112.724847     0.0791    21.1551     1.7639   2854.609 3.6730e-01  0.000e+00
     34.493     7.6757    10.3406     86.665    172.481 112.724868     0.0792    21.1673     1.7652   2854.609 3.5766e-01  0.000e+00
     34.586     7.6305    10.3504     86.651    172.588 112.638578     0.0793    21.1521     1.7664   2854.598 3.4807e-01  0.000e+00
     34.669     7.5941    10.3617     86.668    172.648 112.552286     0.0793    21.0056     1.7090   2854.586 3.4534e-01  0.000e+00
     34.744     7.5625    10.3820     86.771    172.683 112.465992     0.0793    21.0056     1.7053   2854.574 3.4386e-01  0.000e+00
     34.813     7.5353    10.3949     86.821    172.694 112.379696     0.0793    21.3504     1.7310   2854.563 3.4192e-01  0.000e+00
     34.879     7.5093    10.4165     86.945    172.966 112.466012     0.0794    21.3535     1.7212   2854.574 3.3945e-01  0.000e+00
     34.943     7.4832    10.4393     87.079    173.105 112.466023     0.0794    21.3596     1.7273   2854.574 3.2568e-01  0.000e+00
     35.013     7.4595    10.4537     87.149    173.231 112.466032     0.0795    21.3138     1.7273   2854.574 3.2807e-01  0.000e+00
     35.095     7.4330    10.4568     87.117    173.240 112.379737     0.0795    21.2924     1.7249   2854.563 3.2175e-01  0.000e+00
     35.189     7.4018    10.4724     87.180    173.540 112.466055     0.0796    21.3077     1.7285   2854.574 3.2426e-01  0.000e+00
     35.288     7.3686    10.4805     87.176    173.718 112.466068     0.0796    21.3138     1.7066   2854.574 3.1068e-01  0.000e+00
     35.384     7.3332    10.4938     87.210    173.775 112.379776     0.0796    21.3046     1.7102   2854.563 3.0462e-01  0.000e+00
     35.479     7.2984    10.5024     87.206    173.962 112.379790     0.0797    21.3046     1.7017   2854.563 3.0130e-01  0.000e+00
     35.563     7.2689    10.4917     87.054    174.121 112.379801     0.0798    21.1154     1.7444   2854.563 3.0144e-01  0.000e+00
     35.631     7.2432    10.4876     86.964    174.126 112.293506     0.0798    21.1063     1.7456   2854.551 2.9927e-01  0.000e+00
     35.690     7.2189    10.4455     86.563    174.391 112.379821     0.0799    21.0452     1.6651   2854.563 2.9036e-01  0.000e+00
     35.746     7.1973    10.4680     86.703    174.642 112.466136     0.0800    21.0697     1.6663   2854.574 2.8948e-01  0.000e+00
     35.808     7.1728    10.4501     86.502    174.775 112.466145     0.0800    21.0636     1.6675   2854.574 2.8426e-01  0.000e+00
     35.890     7.1455    10.1944     84.329    174.790 112.379850     0.0800    21.2039     1.7310   2854.563 2.8105e-01  0.000e+00
     35.983     7.1209     9.0039     74.436    174.654 112.207249     0.0799    21.2039     1.7261   2854.539 2.7510e-01  0.000e+00
     36.086     7.0908     9.4212     77.827    174.819 112.207261     0.0800    21.2009     1.7273   2854.539 2.5761e-01  0.000e+00
     36.190     7.0598     9.7795     80.725    174.988 112.207273     0.0800    21.2009     1.7676   2854.539 2.4915e-01  0.000e+00
     36.291     7.0352    10.1597     83.812    174.987 112.120978     0.0800    21.2039     1.7603   2854.527 2.4909e-01  0.000e+00
     36.379     7.0135    10.3467     85.309    175.106 112.120987     0.0801    21.2039     1.7591   2854.527 2.4545e-01  0.000e+00
     36.470     6.9927     9.0762     74.795    175.085 112.034691     0.0800    21.0605     1.7053   2854.516 2.4970e-01  0.000e+00
     36.547     6.9725     9.0336     74.406    175.241 112.063467     0.0801    21.0636     1.7029   2854.520 2.4647e-01  0.000e+00
     36.611     6.9530     7.8283     64.447    175.437 112.121011     0.0802    20.9293     1.7285   2854.527 2.4232e-01  0.000e+00
     36.668     6.9381     7.7259     63.581    175.384 112.034713     0.0801    20.9110     1.7273   2854.516 2.4370e-01  0.000e+00
     36.721     6.9274     7.2071     59.295    175.579 112.121022     0.0802    20.9079     1.7249   2854.527 2.3792e-01  0.000e+00
     36.781     6.9159     6.0501     49.762    175.371 111.948418     0.0801    21.2985     1.7053   2854.504 2.3480e-01  0.000e+00
     36.854     6.8997     6.3284     52.030    175.596 112.034729     0.0802    21.3077     1.7041   2854.516 2.2958e-01  0.000e+00
     36.940     6.8789     7.4188     60.963    175.575 111.948433     0.0802    21.2955     1.7041   2854.504 2.2262e-01  0.000e+00
     37.026     6.8567     7.4195     60.935    175.787 112.005978     0.0803    21.3077     1.6846   2854.512 2.2234e-01  0.000e+00
     37.112     6.8337     7.6451     62.752    176.231 112.207365     0.0805    21.3077     1.6858   2854.539 2.1826e-01  0.000e+00
     37.192     6.8051     7.9166     64.934    176.389 112.207377     0.0805    21.2985     1.6773   2854.539 2.0899e-01  0.000e+00
     37.268     6.7731     8.2554     67.659    176.567 112.207389     0.0806    20.7614     1.7041   2854.539 2.0163e-01  0.000e+00
     37.339     6.7406     8.2697     67.721    176.884 112.293707     0.0807    20.7889     1.7041   2854.551 2.0227e-01  0.000e+00
     37.413     6.7064     8.1739     66.879    176.939 112.207415     0.0807    20.6699     1.6638   2854.539 1.9959e-01  0.000e+00
     37.485     6.6726     8.9217     72.936    177.400 112.380040     0.0809    20.6699     1.6651   2854.563 1.9455e-01  0.000e+00
     37.567     6.6388     7.8565     64.174    177.726 112.466359     0.0810    20.6699     1.6675   2854.574 1.9001e-01  0.000e+00
     37.645     6.6082     8.3672     68.294    177.761 112.380065     0.0810    20.8133     1.7017   2854.563 1.8784e-01  0.000e+00
     37.722     6.5817     8.0838     65.936    178.047 112.466382     0.0812    20.8225     1.7041   2854.574 1.9750e-01  0.000e+00
     37.799     6.5569     8.2046     66.880    178.187 112.466391     0.0812    20.8255     1.7066   2854.574 1.8216e-01  0.000e+00
     37.879     6.5349     7.7607     63.227    178.312 112.466400     0.0812    20.7706     1.6858   2854.574 1.9276e-01  0.000e+00
     37.963     6.5156     7.9053     64.374    178.558 112.552715     0.0813    20.7584     1.6883   2854.586 1.8098e-01  0.000e+00
     38.047     6.4974     7.7098     62.753    178.752 112.610260     0.0814    20.8347     1.6797   2854.594 1.6992e-01  0.000e+00
     38.119     6.4821     6.6874     54.410    178.611 112.466422     0.0813    20.9140     1.7432   2854.574 1.7281e-01  0.000e+00
     38.187     6.4692     7.0285     57.167    178.958 112.639041     0.0815    20.9110     1.7383   2854.598 1.6313e-01  0.000e+00
     38.249     6.4581     6.7370     54.781    179.022 112.639046     0.0815    20.6180     1.6858   2854.598 1.6964e-01  0.000e+00
     38.318     6.4484     6.2146     50.520    179.077 112.639050     0.0815    20.6119     1.6858   2854.598 1.6230e-01  0.000e+00
     38.396     6.4404     7.2184     58.669    179.122 112.639054     0.0816    20.6210     1.6870   2854.598 1.5637e-01  0.000e+00
     38.483     6.4319     6.5712     53.397    179.125 112.610289     0.0816    20.7187     1.7224   2854.594 1.6198e-01  0.000e+00
     38.571     6.4218     6.9254     56.261    179.091 112.552756     0.0815    20.7248     1.7261   2854.586 1.6511e-01  0.000e+00
     38.659     6.4102     8.2297     66.838    179.157 112.552761     0.0816    20.7187     1.7261   2854.586 1.5517e-01  0.000e+00
     38.745     6.3930     7.9857     64.828    179.118 112.466461     0.0815    20.5234     1.7224   2854.574 1.5115e-01  0.000e+00
     38.823     6.3748     8.2947     67.306    179.360 112.552776     0.0816    20.5173     1.7212   2854.586 1.4582e-01  0.000e+00
     38.900     6.3570     7.7651     62.980    179.599 112.639090     0.0817    20.5325     1.7456   2854.598 1.5379e-01  0.000e+00
     38.973     6.3426     7.2553     58.824    179.681 112.639096     0.0817    20.5142     1.7456   2854.598 1.5115e-01  0.000e+00
     39.045     6.3307     7.3633     59.682    179.704 112.610332     0.0818    20.5112     1.7444   2854.594 1.4569e-01  0.000e+00
     39.116     6.3192     8.3791     67.896    179.816 112.639106     0.0818    20.6210     1.6651   2854.598 1.4440e-01  0.000e+00
     39.185     6.3081     8.8133     71.394    179.879 112.639111     0.0818    20.6180     1.6663   2854.598 1.4144e-01  0.000e+00
     39.255     6.2965    13.1739    106.687    179.946 112.639116     0.0818    20.6210     1.6663   2854.598 1.3817e-01  0.000e+00
     39.334     6.2861    15.0541    121.882    180.144 112.725428     0.0819    20.4196     1.7407   2854.609 1.3430e-01  0.000e+00
     39.415     6.2757    16.0266    129.721    180.342 112.811740     0.0820    20.4318     1.7469   2854.621 1.2391e-01  0.000e+00
     39.508     6.2643    16.6709    134.897    180.270 112.725438     0.0820    20.4227     1.7444   2854.609 1.2849e-01  0.000e+00
     39.599     6.2483    16.4714    133.229    180.546 112.840522     0.0821    21.3077     1.7261   2854.625 1.2857e-01  0.000e+00
     39.688     6.2299    15.4835    125.180    180.606 112.811760     0.0821    21.3077     1.7273   2854.621 1.2236e-01  0.000e+00
     39.763     6.2116    14.1977    114.732    180.712 112.811768     0.0821    20.8194     1.6858   2854.621 1.2662e-01  0.000e+00
     39.833     6.1941    12.7192    102.739    180.952 112.898083     0.0822    20.8255     1.6809   2854.633 1.1719e-01  0.000e+00
     39.900     6.1788    10.9776     88.637    180.902 112.811781     0.0822    20.8164     1.6822   2854.621 1.1414e-01  0.000e+00
     39.969     6.1653    10.9840     88.658    181.119 112.898095     0.0823    20.1297     1.6870   2854.633 1.1015e-01  0.000e+00
     40.041     6.1548    10.9861     88.652    181.226 112.926869     0.0823    20.1358     1.6822   2854.637 1.1654e-01  0.000e+00
     40.110     6.1464    10.9890     88.657    181.229 112.898103     0.0823    20.1358     1.6822   2854.633 1.1033e-01  0.000e+00
     40.183     6.1382    10.9921     88.663    181.277 112.898107     0.0824    20.3342     1.6846   2854.633 1.0677e-01  0.000e+00
     40.254     6.1301    11.0049     88.748    181.185 112.811803     0.0823    20.3281     1.6822   2854.621 9.9479e-02  0.000e+00
     40.338     6.1223    11.0098     88.771    181.369 112.898115     0.0824    20.3281     1.6797   2854.633 1.0348e-01  0.000e+00
     40.427     6.1142    11.0244     88.869    181.556 112.984427     0.0825    20.6241     1.6699   2854.645 1.0458e-01  0.000e+00
     40.519     6.1049    11.0340     88.926    181.332 112.811815     0.0824    20.6149     1.6638   2854.621 9.4233e-02  0.000e+00
     40.603     6.0966    11.0336     88.905    181.658 112.984435     0.0825    20.6241     1.6419   2854.645 9.9167e-02  0.000e+00
     40.672     6.0884    11.0379     88.920    181.429 112.811822     0.0824    20.6210     1.6504   2854.621 1.0154e-01  0.000e+00
     40.738     6.0807    11.0441     88.953    181.612 112.898134     0.0825    20.6241     1.6443   2854.633 9.6479e-02  0.000e+00
     40.806     6.0740    11.0489     88.976    181.513 112.811829     0.0824    20.3647     1.6199   2854.621 9.3288e-02  0.000e+00
     40.878     6.0683    11.0529     88.996    181.546 112.811832     0.0824    20.3799     1.6223   2854.621 8.8830e-02  0.000e+00
     40.951     6.0634    11.0608     89.049    181.574 112.811834     0.0824    20.3738     1.6272   2854.621 9.3996e-02  0.000e+00
     41.033     6.0586    11.0742     89.146    181.464 112.725529     0.0824    20.3189     1.6846   2854.609 8.0599e-02  0.000e+00
     41.119     6.0511    11.0829     89.199    181.693 112.840610     0.0825    20.3220     1.6822   2854.625 8.2209e-02  0.000e+00
     41.203     6.0439    11.0885     89.228    181.550 112.725536     0.0824    20.3281     1.6834   2854.609 8.2813e-02  0.000e+00
     41.284     6.0362    11.0855     89.186    181.595 112.725540     0.0824    20.4105     1.6626   2854.609 9.4606e-02  0.000e+00
     41.361     6.0281    11.0908     89.211    181.781 112.811852     0.0825    20.4196     1.6675   2854.621 8.1956e-02  0.000e+00
     41.435     6.0204    11.0846     89.143    181.548 112.639240     0.0824    20.6241     1.6468   2854.598 6.9279e-02  0.000e+00
     41.504     6.0137    11.0764     89.062    181.866 112.811859     0.0825    20.6210     1.6504   2854.621 7.7885e-02  0.000e+00
     41.578     6.0079    11.0651     88.958    181.714 112.696784     0.0825    20.6271     1.6419   2854.605 7.3302e-02  0.000e+00
     41.651     6.0016    11.0607     88.909    182.076 112.898173     0.0826    20.3830     1.6809   2854.633 8.0348e-02  0.000e+00
     41.733     5.9943    11.0640     88.919    181.840 112.725560     0.0825    20.3799     1.6907   2854.609 6.8077e-02  0.000e+00
     41.816     5.9856    11.0665     88.919    182.031 112.811872     0.0826    20.3677     1.6858   2854.621 6.6419e-02  0.000e+00
     41.905     5.9777    11.0624     88.868    181.938 112.725568     0.0825    20.3799     1.6614   2854.609 7.0076e-02  0.000e+00
     41.995     5.9710    11.0609     88.841    181.838 112.639264     0.0825    20.3861     1.6638   2854.598 6.5524e-02  0.000e+00
     42.076     5.9620    11.0625     88.834    181.891 112.639268     0.0825    20.3738     1.6590   2854.598 6.5927e-02  0.000e+00
     42.153     5.9514    11.0686     88.858    182.046 112.696811     0.0826    20.6180     1.6211   2854.605 5.6566e-02  0.000e+00
     42.221     5.9428    11.0635     88.798    181.864 112.552969     0.0825    20.6332     1.6236   2854.586 6.4806e-02  0.000e+00
     42.285     5.9368    11.0524     88.696    181.760 112.466665     0.0824    20.1266     1.6089   2854.574 6.0730e-02  0.000e+00
     42.351     5.9318    11.0471     88.642    181.789 112.466668     0.0824    20.1236     1.6004   2854.574 6.0758e-02  0.000e+00
     42.422     5.9274    11.0469     88.631    181.955 112.552977     0.0825    20.1389     1.6040   2854.586 5.5617e-02  0.000e+00
     42.500     5.9230    11.0523     88.664    181.981 112.552980     0.0825    20.2243     1.6431   2854.586 5.3042e-02  0.000e+00
     42.581     5.9199    11.0598     88.717    181.953 112.524213     0.0825    20.2243     1.6419   2854.582 5.2273e-02  0.000e+00
     42.666     5.9153    11.0700     88.789    181.886 112.466677     0.0825    20.2243     1.6455   2854.574 4.9313e-02  0.000e+00
     42.757     5.9100    11.0887     88.926    181.918 112.466680     0.0825    20.2213     1.6065   2854.574 4.7739e-02  0.000e+00
     42.849     5.9066    11.1033     89.036    182.077 112.552989     0.0826    20.2243     1.6065   2854.586 5.4271e-02  0.000e+00
     42.935     5.9040    11.1031     89.029    182.093 112.552991     0.0826    20.7065     1.6004   2854.586 5.0276e-02  0.000e+00
     43.016     5.9019    11.1168     89.133    182.105 112.552993     0.0826    20.7614     1.6480   2854.586 4.3217e-02  0.000e+00
     43.084     5.8992    11.1306     89.238    182.121 112.552994     0.0826    20.7584     1.6468   2854.586 5.2326e-02  0.000e+00
